44 1001
Wienhold, Frank G.
Institute for Atmospheric and Climate Science (IAC), ETH Zurich, Switzerland
meteorological station on Messfeld Hoenggerberg
permanent monitoring
1 1
2018 02 11  2018 02 11
0.0
time in minutes since 2018-02-11 0h00 GMT
18
     1.0     1.0     1.0     1.0     1.0     1.0     1.0     1.0     1.0     1.0     1.0     1.0     1.0     1.0     1.0     1.0     1.0     1.0
 99999.0 99999.0 99999.0 99999.0 99999.0 99999.0 99999.0 99999.0 99999.0 99999.0 99999.0 99999.0 99999.0 99999.0  9999.0  9999.0  9999.0  9999.0 
air pressure (hPa)
air temperature (deg C)
dew point(deg C)
relative humidity (percent)
illuminance (log base 10 of value in Lux)
radiation (W/m2)
rain accumulated during 10 min measurement interval (mm)
mean vector wind speed (m/s)
mean scalar wind speed (m/s)
mean wind direction (deg)
peak wind speed  (m/s)
direction of wind peek (deg)
mean north component (m/s)
mean east component (m/s)
barometer status code
thygan status code
interface sensor status code
wind sensor status code
5
station data 
location: Messfeld HPS G41, CH 8093 Zurich, Switzerland
latitude 47.40650 deg north
longitude 8.51190 deg east
elevation 541 m above sea level
7
This data can be used freely for scientific analysis.
The user agrees to cite IAC ETH Zurich as source of the data
and to consult IAC ETH Zurich before data is used for publication.

      time     p_air     T_air     T_dew        RH     illum radiation      rain  wspd_vec  wspd_scl      wdir   wspd_pk   wdir_pk wcp_north  wcp_east      baro    thygan       ifs      wind
     (min)     (hPa)   (deg C)   (deg C) (percent)(log10lux)    (W/m2)      (mm)     (m/s)     (m/s)     (deg)     (m/s)     (deg)     (m/s)     (m/s)  (status)  (status)  (status)  (status)

         0    951.75     -0.41     -3.94     76.99     -1.26     -3.00      0.00      0.00      0.00     90.00      0.10     90.00      0.00      0.00         0        21         0         6
        10    951.70     -0.48     -3.60     79.40     -1.27     -3.00      0.00      0.00      0.01     90.00      0.20     90.00      0.00      0.00         0        31         0         6
        20    951.59     -0.29     -3.48     79.01     -1.27     -3.00      0.00      0.05      0.05    270.00      0.40    270.00      0.00     -0.05         0        31         0         6
        30    951.56     -0.33     -3.91     76.70     -1.26     -3.00      0.00      0.14      0.14    270.00      0.50    270.00      0.00     -0.14         0        31         0         6
        40    951.55     -0.31     -3.56     78.65     -1.23     -3.00      0.00      0.28      0.28    270.00      0.70    270.00      0.00     -0.28         0        31         0         6
        50    951.55     -0.32     -3.89     76.78     -1.25     -3.00      0.00      0.50      0.50    270.00      1.20    270.00      0.00     -0.50         0        30         0         6
        60    951.36     -0.31     -3.98     76.22     -1.26     -3.00      0.00      0.01      0.01    270.00      0.20    270.00      0.00     -0.01         0        30         0         6
        70    951.32     -0.35     -3.44     79.61     -1.25     -3.00      0.00      0.00      0.00    270.00      0.10    270.00      0.00      0.00         0        31         0         6
        80    951.31     -0.39     -3.25     80.95     -1.26     -3.00      0.00      0.00      0.00      0.00      0.00    270.00      0.00      0.00         0        31         0         6
        90    951.16     -0.30     -3.49     79.01     -1.26     -3.00      0.00      0.03      0.03    270.00      0.50    270.00      0.00     -0.03         0        31         0         6
       100    951.02     -0.43     -3.71     78.44     -1.30     -3.00      0.00      0.15      0.21    236.00      1.30    176.00     -0.08     -0.13         0        41         0         6
       110    950.80     -0.39     -3.81     77.59     -1.31     -3.00      0.00      0.00      0.01     90.00      0.20     90.00      0.00      0.00         0        30         0         6
       120    950.73     -0.15     -3.75     76.67     -1.31     -3.00      0.00      0.09      0.09    270.00      0.80    270.00      0.00     -0.09         0        30         0         6
       130    950.59     -0.09     -3.67     76.74     -1.34     -3.00      0.00      0.06      0.06    270.00      0.50    270.00      0.00     -0.06         0        31         0         6
       140    950.42     -0.12     -3.81     76.12     -1.38     -3.00      0.00      0.38      0.49    200.00      1.63    169.00     -0.36     -0.13         0        31         0         6
       150    950.22     -0.15     -3.68     77.00     -1.51     -3.00      0.00      0.76      0.83    188.00      2.25    201.00     -0.75     -0.11         0        31         0         6
       160    950.14     -0.04     -3.11     79.79     -1.36     -3.00      0.00      1.14      1.22    203.00      2.98    230.00     -1.05     -0.44         0        31         0         6
       170    950.16     -0.10     -2.65     82.94     -1.46     -3.00      0.00      1.36      1.43    209.00      2.33    205.00     -1.20     -0.66         0        31         0         6
       180    949.96     -0.23     -2.85     82.45     -1.46     -3.00      0.00      1.31      1.36    217.00      2.20    210.00     -1.04     -0.80         0        41         0         6
       190    949.88     -0.31     -3.51     78.91     -1.56     -3.00      0.00      1.16      1.19    243.00      1.84    248.00     -0.52     -1.03         0        41         0         6
       200    949.74     -0.42     -3.49     79.71     -1.69     -3.00      0.00      1.33      1.41    233.00      2.06    247.00     -0.80     -1.06         0        30         0         6
       210    949.57     -0.45     -3.55     79.48     -1.87     -3.00      0.00      1.15      1.18    232.00      1.86    234.00     -0.71     -0.90         0        31         0         6
       220    949.49     -0.65     -3.14     83.16     -1.72     -4.00      0.00      0.71      0.77    229.00      1.42    231.00     -0.47     -0.54         0        31         0         6
       230    949.41     -0.48     -3.26     81.42     -1.75     -3.00      0.00      0.83      0.86    217.00      1.98    221.00     -0.66     -0.50         0        41         0         6
       240    949.36     -0.46     -3.19     81.72     -1.63     -4.00      0.00      1.51      1.54    221.00      2.91    207.00     -1.13     -0.99         0        41         0         6
       250    949.34     -0.17     -3.20     79.97     -1.46     -4.00      0.00      1.78      1.83    213.00      3.00    210.00     -1.49     -0.98         0        31         0         6
       260    949.25     -0.06     -3.18     79.49     -1.62     -3.00      0.00      2.03      2.05    206.00      3.35    207.00     -1.82     -0.89         0        31         0         6
       270    949.09     -0.02     -3.15     79.36     -1.56     -4.00      0.00      2.45      2.49    197.00      4.02    186.00     -2.34     -0.72         0        31         0         6
       280    949.08      0.02     -3.12     79.32     -1.53     -4.00      0.00      2.52      2.55    210.00      4.87    199.00     -2.19     -1.24         0        31         0         6
       290    948.96      0.01     -3.01     79.99     -1.57     -4.00      0.00      2.82      2.86    209.00      4.90    200.00     -2.48     -1.35         0        31         0         6
       300    948.82      0.02     -3.01     79.93     -1.62     -4.00      0.00      3.53      3.57    204.00      5.19    196.00     -3.24     -1.41         0        31         0         6
       310    948.62      0.14     -3.25     77.86     -1.36     -4.00      0.00      4.05      4.08    204.00      6.04    207.00     -3.69     -1.65         0        31         0         6
       320    948.43      0.12     -3.35     77.37     -1.30     -4.00      0.00      4.16      4.20    203.00      6.53    195.00     -3.84     -1.60         0        31         0         6
       330    948.30      0.31     -3.62     74.83     -1.54     -4.00      0.00      3.66      3.70    208.00      5.41    214.00     -3.24     -1.70         0        31         0         6
       340    948.18      0.33     -3.65     74.54     -1.42     -4.00      0.00      3.97      4.02    207.00      6.22    185.00     -3.54     -1.78         0        31         0         6
       350    948.19      0.28     -3.50     75.60     -1.21     -4.00      0.00      3.74      3.81    206.00      5.85    193.00     -3.37     -1.62         0        31         0         6
       360    948.15      0.34     -3.60     74.79     -0.72     -4.00      0.00      3.32      3.37    213.00      5.77    189.00     -2.80     -1.79         0        21         0         6
       370    948.16      0.32     -3.61     74.83      0.12     -3.00      0.00      3.42      3.46    218.00      5.27    213.00     -2.68     -2.13         0        21         0         6
       380    948.07      0.44     -3.94     72.34      1.17     -3.00      0.00      3.69      3.79    216.00      6.74    215.00     -2.97     -2.19         0        20         0         6
       390    947.98      0.39     -3.79     73.40      1.60     -3.00      0.00      3.50      3.58    218.00      5.99    208.00     -2.76     -2.15         0        20         0         6
       400    947.99      0.42     -3.73     73.60      1.79     -2.00      0.00      3.69      3.74    220.00      5.61    211.00     -2.82     -2.38         0        20         0         6
       410    947.86      0.48     -3.77     73.06      2.34     -1.00      0.00      3.71      3.77    222.00      6.07    213.00     -2.76     -2.48         0        20         0         6
       420    947.64      0.41     -3.55     74.66      2.77      3.00      0.00      3.75      3.79    211.00      5.54    200.00     -3.20     -1.95         0        21         0         6
       430    947.67      0.54     -3.68     73.22      2.88      6.00      0.00      3.19      3.23    220.00      5.90    219.00     -2.46     -2.03         0        20         0         6
       440    947.70      0.58     -3.52     73.91      3.15     14.00      0.00      3.02      3.07    222.00      5.20    210.00     -2.26     -2.00         0        20         0         6
       450    947.62      0.72     -4.00     70.57      3.55     28.00      0.00      3.58      3.62    214.00      6.00    210.00     -2.97     -2.00         0        20         0         6
       460    947.48      0.74     -3.81     71.48      3.72     50.00      0.00      3.52      3.57    216.00      5.70    232.00     -2.83     -2.09         0        20         0         6
       470    947.32      0.92     -3.82     70.50      3.89     79.00      0.00      3.62      3.69    214.00      5.53    221.00     -3.00     -2.03         0        20         0         6
       480    947.31      1.01     -3.81     70.11      3.80     80.00      0.00      4.28      4.33    214.00      6.63    203.00     -3.54     -2.40         0        20         0         6
       490    947.18      1.03     -3.96     69.20      3.69     65.00      0.00      4.66      4.71    218.00      7.10    212.00     -3.67     -2.88         0        20         0         6
       500    947.28      1.07     -3.69     70.40      3.75     60.00      0.00      3.67      3.73    226.00      5.88    228.00     -2.53     -2.67         0        20         0         6
       510    947.24      1.24     -4.21     66.88      3.72     66.00      0.00      3.57      3.72    230.00      6.54    209.00     -2.29     -2.74         0        20         0         6
       520    947.24      0.98     -3.52     71.81      3.65     55.00      0.00      4.01      4.08    233.00      9.14    228.00     -2.41     -3.20         0        30         0         6
       530    947.18      0.03     -1.90     86.74      3.65     49.00      0.00      4.54      4.63    238.00      8.96    246.00     -2.42     -3.84         0        31         0         6
       540    947.03     -0.22     -1.27     92.61      3.90     68.00      0.00      3.66      3.71    232.00      6.10    229.00     -2.25     -2.90         0        43         0         6
       550    946.99     -0.15     -1.29     91.99      3.87     85.00      0.00      3.01      3.04    220.00      3.98    231.00     -2.30     -1.93         0        53         0         6
       560    946.88      0.02     -1.54     89.13      3.68     88.00      0.00      3.48      3.55    214.00      5.72    207.00     -2.90     -1.93         0        53         0         6
       570    946.79      0.21     -1.68     86.98      3.82     63.00      0.00      3.22      3.29    217.00      5.46    194.00     -2.59     -1.92         0        43         0         6
       580    946.62      0.47     -2.02     83.31      3.98    116.00      0.10      3.60      3.67    216.00      5.60    229.00     -2.92     -2.12         0        42         0         6
       590    946.54      0.67     -2.59     78.71      3.92    102.00      0.00      3.39      3.45    217.00      5.26    194.00     -2.70     -2.05         0        41         0         6
       600    946.49      0.75     -2.31     79.89      3.99    115.00      0.00      3.39      3.45    207.00      4.96    208.00     -3.01     -1.56         0        31         0         6
       610    946.52      0.66     -2.12     81.57      3.83     91.00      0.00      2.90      2.95    207.00      4.81    197.00     -2.59     -1.30         0        31         0         6
       620    946.56      0.71     -1.95     82.29      3.87     84.00      0.00      3.41      3.50    201.00      5.65    193.00     -3.19     -1.20         0        32         0         6
       630    946.49      0.88     -1.89     81.63      3.89     89.00      0.00      3.15      3.22    207.00      5.20    191.00     -2.81     -1.42         0        32         0         6
       640    946.47      0.93     -1.91     81.18      3.76     81.00      0.00      2.64      2.72    211.00      4.05    213.00     -2.28     -1.34         0        42         0         6
       650    946.45      0.65     -1.67     84.33      3.63     61.00      0.00      2.12      2.23    236.00      5.06    252.00     -1.19     -1.76         0        41         0         6
       660    946.41      0.29     -1.27     89.18      3.66     52.00      0.10      2.16      2.21    242.00      4.46    254.00     -1.01     -1.91         0        42         0         6
       670    946.24      0.15     -0.92     92.44      3.60     49.00      0.10      2.20      2.25    231.00      3.42    232.00     -1.37     -1.72         0        43         0         6
       680    946.17      0.14     -0.67     94.19      3.84     61.00      0.10      1.73      1.77    236.00      3.01    249.00     -0.98     -1.43         0        53         0         6
       690    946.09      0.30     -0.69     92.97      3.81     80.00      0.10      1.96      2.00    226.00      2.87    209.00     -1.37     -1.40         0        53         0         6
       700    946.00      0.46     -0.86     90.76      3.76     67.00      0.00      1.92      1.97    225.00      3.54    223.00     -1.35     -1.37         0        52         0         6
       710    945.94      0.50     -0.66     91.86      3.89     67.00      0.10      2.15      2.19    229.00      2.97    237.00     -1.41     -1.63         0        52         0         6
       720    945.84      0.62     -0.64     91.19      3.94     99.00      0.10      2.74      2.78    216.00      4.66    215.00     -2.21     -1.63         0        43         0         6
       730    945.76      0.88     -0.59     89.81      3.98    123.00      0.00      2.59      2.64    215.00      4.07    208.00     -2.13     -1.48         0        43         0         6
       740    945.67      1.10     -0.81     86.96      4.02    104.00      0.00      2.56      2.61    224.00      3.75    222.00     -1.84     -1.78         0        52         0         6
       750    945.53      1.19     -0.70     87.06      3.95    128.00      0.00      2.69      2.76    220.00      4.12    219.00     -2.05     -1.74         0        52         0         6
       760    945.41      1.33     -0.40     88.18      4.10    127.00      0.00      2.55      2.60    230.00      4.24    214.00     -1.62     -1.97         0        42         0         6
       770    945.32      1.43     -0.35     87.88      4.16    158.00      0.00      2.31      2.37    234.00      4.03    256.00     -1.37     -1.86         0        42         0         6
       780    945.20      1.73     -0.27     86.48      3.99    155.00      0.00      2.43      2.47    231.00      3.74    254.00     -1.54     -1.87         0        41         0         6
       790    945.09      1.91     -0.46     84.23      4.13    140.00      0.00      2.84      2.91    235.00      4.60    236.00     -1.62     -2.34         0        41         0         6
       800    944.92      2.09     -0.51     82.83      4.15    163.00      0.00      2.73      2.81    235.00      4.93    252.00     -1.57     -2.23         0        31         0         6
       810    944.82      2.11     -0.45     83.08      4.03    168.00      0.00      2.75      2.82    226.00      4.42    232.00     -1.93     -1.96         0        31         0         6
       820    944.74      2.18     -0.22     84.05      4.08    130.00      0.00      3.10      3.17    225.00      4.68    228.00     -2.20     -2.19         0        31         0         6
       830    944.62      2.18     -0.40     82.90      3.80    136.00      0.00      3.36      3.44    230.00      5.95    222.00     -2.16     -2.57         0        41         0         6
       840    944.57      2.18     -0.44     82.68      3.76     78.00      0.00      3.11      3.17    222.00      5.39    239.00     -2.32     -2.07         0        31         0         6
       850    944.56      2.36     -0.17     83.27      3.70     63.00      0.00      2.92      3.03    233.00      6.51    252.00     -1.74     -2.34         0        31         0         6
       860    944.46      2.15     -0.17     84.50      3.55     56.00      0.00      3.94      4.08    239.00      8.31    268.00     -2.04     -3.37         0        32         0         6
       870    944.40      1.84      0.18     88.73      3.21     36.00      0.10      3.10      3.17    240.00      5.35    249.00     -1.57     -2.67         0        42         0         6
       880    944.29      1.58     -0.09     88.56      3.50     18.00      0.20      2.98      3.04    226.00      5.10    222.00     -2.06     -2.16         0        43         0         6
       890    944.14      1.66      0.31     90.74      3.66     57.00      0.40      3.39      3.45    219.00      5.61    211.00     -2.62     -2.16         0        43         0         6
       900    944.07      1.88      0.54     90.79      3.42     38.00      0.00      2.94      3.02    230.00      4.77    213.00     -1.90     -2.24         0        53         0         6
       910    944.09      1.69      0.43     91.30      2.97     16.00      0.10      2.10      2.15    236.00      4.05    230.00     -1.17     -1.75         0        52         0         6
       920    944.14      1.92      0.56     90.67      3.55     33.00      0.40      2.09      2.14    229.00      3.84    219.00     -1.38     -1.58         0        42         0         6
       930    944.13      2.10      0.70     90.43      3.50     47.00      0.00      2.93      3.00    242.00      5.07    248.00     -1.40     -2.58         0        41         0         6
       940    944.17      2.29      0.53     88.16      3.21     29.00      0.10      2.90      2.97    246.00      5.97    256.00     -1.17     -2.65         0        42         0         6
       950    944.17      2.25      0.63     89.02      2.99     17.00      0.00      2.68      2.79    250.00      5.91    246.00     -0.90     -2.52         0        41         0         6
       960    944.18      2.01      0.70     91.07      2.80      9.00      0.10      1.97      2.09    243.00      4.70    246.00     -0.89     -1.76         0        42         0         6
       970    944.23      2.02      0.80     91.59      2.71      6.00      0.00      2.72      2.78    246.00      5.86    245.00     -1.11     -2.49         0        41         0         6
       980    944.26      2.02      0.85     91.91      2.80      6.00      0.10      2.44      2.49    245.00      4.96    242.00     -1.05     -2.20         0        42         0         6
       990    944.27      2.07      0.84     91.53      2.13      3.00      0.00      2.55      2.64    252.00      5.07    255.00     -0.77     -2.43         0        41         0         6
      1000    944.37      2.03      0.83     91.77      1.50     -1.00      0.00      2.58      2.65    255.00      5.28    251.00     -0.67     -2.49         0        42         0         6
      1010    944.44      2.03      0.90     92.19      1.15     -3.00      0.00      2.37      2.47    244.00      5.13    249.00     -1.03     -2.13         0        41         0         6
      1020    944.49      1.95      0.86     92.44      0.63     -3.00      0.00      2.16      2.23    253.00      3.67    259.00     -0.65     -2.06         0        40         0         6
      1030    944.51      1.80      0.79     93.01      0.11     -3.00      0.20      2.68      2.76    240.00      4.87    251.00     -1.34     -2.32         0        42         0         6
      1040    944.56      1.83      0.97     94.03     -0.76     -3.00      0.20      2.46      2.52    248.00      4.27    249.00     -0.92     -2.28         0        41         0         6
      1050    944.73      1.81      0.84     93.20     -1.11     -3.00      0.10      2.96      3.03    241.00      4.94    238.00     -1.42     -2.59         0        42         0         6
      1060    944.99      1.82      0.81     92.99     -1.23     -3.00      0.10      2.52      2.61    234.00      4.08    211.00     -1.47     -2.05         0        42         0         6
      1070    945.12      1.68      0.84     94.14     -1.28     -3.00      0.00      2.21      2.28    243.00      4.42    232.00     -1.00     -1.97         0        52         0         6
      1080    945.25      1.78      0.87     93.65     -1.28     -3.00      0.00      1.44      1.46    267.00      2.80    270.00     -0.08     -1.44         0        51         0         6
      1090    945.35      1.86      0.93     93.53     -1.32     -3.00      0.00      1.85      1.89    262.00      3.31    245.00     -0.26     -1.84         0        42         0         6
      1100    945.45      1.85      1.07     94.58     -1.35     -3.00      0.00      1.39      1.47    251.00      2.64    233.00     -0.46     -1.31         0        41         0         6
      1110    945.62      1.88      1.10     94.57     -1.35     -3.00      0.10      1.17      1.22    261.00      2.35    258.00     -0.18     -1.16         0        40         0         6
      1120    945.71      1.89      1.14     94.74     -1.37     -3.00      0.00      1.45      1.52    255.00      2.79    249.00     -0.37     -1.40         0        41         0         6
      1130    945.80      1.87      1.34     96.27     -1.36     -3.00      0.00      1.49      1.50    267.00      2.64    245.00     -0.08     -1.49         0        51         0         6
      1140    945.97      2.09      1.36     94.94     -1.38     -3.00      0.00      1.54      1.56    266.00      3.21    265.00     -0.10     -1.53         0        42         0         6
      1150    946.15      2.05      1.42     95.61     -1.31     -3.00      0.10      1.41      1.46    262.00      4.30    252.00     -0.19     -1.40         0        51         0         6
      1160    946.29      2.10      1.38     94.94     -1.21     -3.00      0.00      0.72      0.72    269.00      1.90    270.00     -0.02     -0.72         0        40         0         6
      1170    946.42      2.32      1.18     92.14     -1.19     -2.00      0.00      1.39      1.40    267.00      3.70    268.00     -0.07     -1.39         0        40         0         6
      1180    946.59      2.38      1.14     91.52     -1.14     -2.00      0.00      1.62      1.63    266.00      4.24    251.00     -0.12     -1.61         0        40         0         6
      1190    946.75      2.43      0.94     89.86     -1.16     -2.00      0.00      2.29      2.34    269.00      4.71    274.00     -0.06     -2.29         0        40         0         6
      1200    946.81      2.37      0.90     89.98     -1.14     -2.00      0.00      1.84      1.87    268.00      3.90    271.00     -0.06     -1.84         0        40         0         6
      1210    946.90      2.39      0.81     89.24     -1.12     -2.00      0.00      1.50      1.51    270.00      3.03    278.00     -0.01     -1.50         0        40         0         6
      1220    946.91      2.41      0.66     88.21     -1.15     -2.00      0.00      1.63      1.65    272.00      3.60    270.00      0.07     -1.63         0        31         0         6
      1230    946.97      2.44      0.59     87.58     -1.13     -2.00      0.00      1.77      1.79    269.00      3.59    257.00     -0.03     -1.77         0        40         0         6
      1240    947.13      2.30      0.50     87.83     -1.17     -2.00      0.00      2.05      2.07    268.00      4.40    270.00     -0.09     -2.05         0        31         0         6
      1250    947.25      2.37      0.51     87.49     -1.27     -2.00      0.00      2.17      2.19    267.00      4.37    250.00     -0.12     -2.17         0        40         0         6
      1260    947.29      2.28      0.42     87.46     -1.42     -2.00      0.00      2.38      2.40    265.00      4.18    253.00     -0.19     -2.38         0        31         0         6
      1270    947.35      2.34      0.19     85.66     -1.46     -2.00      0.00      2.20      2.23    259.00      4.63    264.00     -0.41     -2.16         0        31         0         6
      1280    947.38      2.37      0.04     84.57     -1.40     -2.00      0.00      2.49      2.53    253.00      4.87    261.00     -0.75     -2.37         0        40         0         6
      1290    947.42      2.29      0.01     84.90     -1.25     -2.00      0.00      2.44      2.48    252.00      4.48    246.00     -0.75     -2.32         0        31         0         6
      1300    947.44      2.26     -0.02     84.80     -1.19     -3.00      0.00      2.34      2.38    251.00      4.59    250.00     -0.76     -2.22         0        32         0         6
      1310    947.47      2.04      0.07     86.78     -1.24     -3.00      0.00      2.34      2.41    244.00      4.84    252.00     -1.02     -2.10         0        42         0         6
      1320    947.54      1.94      0.03     87.11     -1.25     -3.00      0.00      2.50      2.56    250.00      5.18    260.00     -0.85     -2.35         0        42         0         6
      1330    947.59      1.83      0.19     88.86     -1.26     -3.00      0.00      2.63      2.70    239.00      5.19    251.00     -1.36     -2.25         0        42         0         6
      1340    947.60      1.76      0.25     89.69     -1.52     -4.00      0.00      2.42      2.46    234.00      4.12    241.00     -1.43     -1.95         0        41         0         6
      1350    947.66      1.58      0.17     90.32     -1.56     -4.00      0.00      2.15      2.20    231.00      3.45    210.00     -1.34     -1.67         0        42         0         6
      1360    947.70      1.46      0.24     91.55     -1.68     -4.00      0.00      2.14      2.17    231.00      3.33    229.00     -1.35     -1.66         0        42         0         6
      1370    947.69      1.49      0.00     89.83     -1.52     -4.00      0.00      1.82      1.85    238.00      3.22    234.00     -0.98     -1.53         0        51         0         6
      1380    947.61      1.41     -0.07     89.79     -1.34     -3.00      0.00      1.38      1.41    242.00      3.13    253.00     -0.64     -1.22         0        51         0         6
      1390    947.59      1.54     -0.02     89.25     -1.51     -3.00      0.00      1.55      1.59    241.00      2.63    261.00     -0.75     -1.36         0        42         0         6
      1400    947.49      1.41     -0.02     90.14     -1.72     -3.00      0.00      1.59      1.65    236.00      2.77    206.00     -0.90     -1.32         0        52         0         6
      1410    947.48      1.45     -0.10     89.31     -2.09     -4.00      0.00      1.62      1.68    239.00      3.00    210.00     -0.84     -1.38         0        42         0         6
      1420    947.52      1.40     -0.44     87.46     -2.23     -5.00      0.00      1.81      1.84    221.00      2.83    222.00     -1.36     -1.19         0        42         0         6
      1430    947.55      1.35     -0.20     89.30     -1.38     -4.00      0.00      1.76      1.81    197.00      2.69    211.00     -1.68     -0.50         0        42         0         6
