44 1001
Wienhold, Frank G.
Institute for Atmospheric and Climate Science (IAC), ETH Zurich, Switzerland
meteorological station on Messfeld Hoenggerberg
permanent monitoring
1 1
2018 03 19  2018 03 19
0.0
time in minutes since 2018-03-19 0h00 GMT
18
     1.0     1.0     1.0     1.0     1.0     1.0     1.0     1.0     1.0     1.0     1.0     1.0     1.0     1.0     1.0     1.0     1.0     1.0
 99999.0 99999.0 99999.0 99999.0 99999.0 99999.0 99999.0 99999.0 99999.0 99999.0 99999.0 99999.0 99999.0 99999.0  9999.0  9999.0  9999.0  9999.0 
air pressure (hPa)
air temperature (deg C)
dew point(deg C)
relative humidity (percent)
illuminance (log base 10 of value in Lux)
radiation (W/m2)
rain accumulated during 10 min measurement interval (mm)
mean vector wind speed (m/s)
mean scalar wind speed (m/s)
mean wind direction (deg)
peak wind speed  (m/s)
direction of wind peek (deg)
mean north component (m/s)
mean east component (m/s)
barometer status code
thygan status code
interface sensor status code
wind sensor status code
5
station data 
location: Messfeld HPS G41, CH 8093 Zurich, Switzerland
latitude 47.40650 deg north
longitude 8.51190 deg east
elevation 541 m above sea level
7
This data can be used freely for scientific analysis.
The user agrees to cite IAC ETH Zurich as source of the data
and to consult IAC ETH Zurich before data is used for publication.

      time     p_air     T_air     T_dew        RH     illum radiation      rain  wspd_vec  wspd_scl      wdir   wspd_pk   wdir_pk wcp_north  wcp_east      baro    thygan       ifs      wind
     (min)     (hPa)   (deg C)   (deg C) (percent)(log10lux)    (W/m2)      (mm)     (m/s)     (m/s)     (deg)     (m/s)     (deg)     (m/s)     (m/s)  (status)  (status)  (status)  (status)

         0    941.55     -2.41     -3.49     92.25     -1.35     -2.00      0.00      0.73      0.83     54.00      3.01     15.00      0.44      0.59         0        52         0         6
        10    941.59     -2.27     -3.71     89.79     -1.37     -2.00      0.00      0.87      1.00     61.00      2.66     70.00      0.42      0.76         0        52         0         6
        20    941.64     -2.22     -3.68     89.71     -1.38     -2.00      0.00      0.75      0.91     41.00      2.77     64.00      0.56      0.49         0        52         0         6
        30    941.66     -2.25     -3.73     89.52     -1.37     -2.00      0.00      0.25      0.33     59.00      1.80     90.00      0.13      0.22         0        52         0         6
        40    941.59     -2.19     -3.65     89.66     -1.39     -2.00      0.00      0.74      0.90     57.00      2.81      4.00      0.40      0.62         0        52         0         6
        50    941.56     -2.40     -3.72     90.63     -1.39     -2.00      0.00      0.51      0.61     68.00      3.00     90.00      0.19      0.48         0        52         0         6
        60    941.50     -2.45     -3.58     91.92     -1.42     -2.00      0.00      0.53      0.67     52.00      2.32      7.00      0.32      0.41         0        52         0         6
        70    941.48     -2.48     -3.73     91.05     -1.42     -2.00      0.00      0.94      1.08     31.00      3.19     32.00      0.80      0.49         0        52         0         6
        80    941.51     -2.35     -3.82     89.62     -1.42     -2.00      0.00      0.96      1.14     55.00      2.55     79.00      0.55      0.79         0        52         0         6
        90    941.52     -2.25     -3.98     87.93     -1.42     -2.00      0.00      0.87      1.11     38.00      3.31      5.00      0.68      0.54         0        52         0         6
       100    941.49     -2.49     -3.93     89.78     -1.40     -2.00      0.00      1.13      1.26     29.00      2.91     27.00      0.99      0.54         0        52         0         6
       110    941.50     -2.48     -3.86     90.20     -1.41     -2.00      0.00      0.92      1.11     43.00      2.92     84.00      0.67      0.63         0        52         0         6
       120    941.50     -2.47     -3.93     89.72     -1.40     -2.00      0.00      1.14      1.32     44.00      3.38     19.00      0.83      0.79         0        52         0         6
       130    941.54     -2.39     -3.87     89.54     -1.40     -2.00      0.00      1.05      1.23     46.00      3.55     10.00      0.73      0.76         0        52         0         6
       140    941.60     -2.46     -3.96     89.38     -1.37     -2.00      0.00      0.77      0.98     44.00      2.44     19.00      0.56      0.53         0        52         0         6
       150    941.63     -2.46     -3.83     90.33     -1.37     -2.00      0.00      0.60      0.79     58.00      2.00     90.00      0.32      0.51         0        52         0         6
       160    941.65     -2.53     -4.00     89.59     -1.37     -2.00      0.00      0.55      0.66     49.00      3.72     84.00      0.36      0.42         0        52         0         6
       170    941.69     -2.55     -3.91     90.32     -1.37     -2.00      0.00      0.78      0.97     31.00      2.75     10.00      0.67      0.40         0        52         0         6
       180    941.74     -2.56     -3.79     91.19     -1.38     -2.00      0.00      0.75      0.90     56.00      2.50     90.00      0.42      0.62         0        52         0         6
       190    941.79     -2.65     -3.85     91.39     -1.39     -2.00      0.00      0.43      0.71     34.00      2.42      7.00      0.36      0.24         0        52         0         6
       200    941.83     -2.54     -3.83     90.80     -1.38     -2.00      0.00      0.76      1.00     61.00      2.79    339.00      0.37      0.67         0        52         0         6
       210    941.93     -2.61     -3.71     92.13     -1.32     -2.00      0.00      0.31      0.46     45.00      3.00      2.00      0.22      0.22         0        52         0         6
       220    941.96     -2.48     -3.69     91.38     -1.24     -3.00      0.10      0.43      0.60     58.00      2.22    352.00      0.23      0.37         0        52         0         6
       230    941.98     -2.70     -3.57     93.68     -1.20     -3.00      0.10      0.29      0.36     40.00      1.71    353.00      0.23      0.19         0        52         0         6
       240    941.99     -2.79     -3.53     94.57     -1.18     -3.00      0.10      0.37      0.52     32.00      2.62    353.00      0.31      0.20         0        52         0         6
       250    941.95     -2.73     -3.63     93.50     -1.14     -3.00      0.10      0.49      0.63     57.00      2.40      0.00      0.26      0.41         0        52         0         6
       260    941.96     -2.66     -3.77     92.03     -1.13     -3.00      0.00      0.92      1.07     42.00      3.01      4.00      0.69      0.61         0        52         0         6
       270    941.95     -2.79     -3.75     93.10     -1.14     -3.00      0.10      0.69      0.87     48.00      2.52    353.00      0.46      0.51         0        52         0         6
       280    941.95     -3.02     -3.86     93.87     -1.15     -3.00      0.10      0.57      0.68     60.00      2.33     10.00      0.28      0.49         0        62         0         6
       290    941.92     -2.83     -3.82     92.87     -1.03     -3.00      0.10      0.48      0.66     51.00      2.10     25.00      0.30      0.37         0        62         0         6
       300    941.93     -2.91     -3.79     93.63     -0.51     -3.00      0.10      0.59      0.69     71.00      2.40     90.00      0.19      0.56         0        52         0         6
       310    941.95     -2.93     -3.79     93.77      0.35     -3.00      0.00      0.29      0.38     62.00      2.10    357.00      0.14      0.26         0        62         0         6
       320    941.96     -3.06     -3.92     93.79      1.21     -3.00      0.00      0.58      0.72     47.00      2.63      9.00      0.40      0.42         0        62         0         6
       330    941.99     -2.97     -3.85     93.67      1.71     -2.00      0.10      0.72      0.81     18.00      2.26     13.00      0.68      0.22         0        62         0         6
       340    942.00     -3.00     -3.94     93.23      2.03     -1.00      0.00      0.75      0.84     25.00      2.67     13.00      0.68      0.31         0        62         0         6
       350    942.01     -2.90     -3.94     92.52      2.38      0.00      0.10      0.93      1.03     21.00      2.41      5.00      0.87      0.33         0        52         0         6
       360    942.06     -3.04     -3.93     93.60      2.61      4.00      0.00      0.85      0.95     23.00      1.94     35.00      0.78      0.33         0        52         0         6
       370    942.09     -2.98     -3.95     93.04      2.76      8.00      0.00      0.77      0.87     21.00      2.38     15.00      0.72      0.27         0        52         0         6
       380    942.16     -3.04     -3.99     93.15      2.93     13.00      0.00      0.52      0.65     31.00      2.73      8.00      0.44      0.27         0        62         0         6
       390    942.20     -3.03     -3.97     93.21      3.06     17.00      0.10      0.54      0.65     28.00      1.81    354.00      0.48      0.25         0        62         0         6
       400    942.25     -2.86     -3.93     92.30      3.16     24.00      0.00      0.56      0.67     51.00      1.93     21.00      0.36      0.44         0        52         0         6
       410    942.31     -2.89     -3.98     92.15      3.43     32.00      0.00      0.94      1.09     29.00      2.31    355.00      0.83      0.46         0        52         0         6
       420    942.41     -2.98     -3.99     92.72      3.53     42.00      0.00      1.00      1.07     27.00      2.30     34.00      0.89      0.45         0        52         0         6
       430    942.47     -2.77     -3.89     91.94      3.63     52.00      0.00      0.95      1.02     12.00      2.33     10.00      0.93      0.20         0        52         0         6
       440    942.54     -2.85     -4.00     91.77      3.63     59.00      0.00      0.74      0.86     32.00      2.04     11.00      0.63      0.39         0        52         0         6
       450    942.62     -2.85     -3.96     92.02      3.68     61.00      0.00      0.73      0.84     44.00      2.40     17.00      0.53      0.51         0        52         0         6
       460    942.68     -2.82     -3.84     92.64      3.68     71.00      0.30      0.58      0.73     27.00      2.33    350.00      0.51      0.26         0        52         0         6
       470    942.70     -2.62     -3.81     91.55      3.78     77.00      0.00      0.57      0.71     45.00      2.34     20.00      0.41      0.41         0        52         0         6
       480    942.74     -2.36     -3.68     90.63      3.86     98.00      0.00      0.81      0.96     38.00      2.46     63.00      0.64      0.49         0        52         0         6
       490    942.79     -2.27     -3.78     89.36      3.92    113.00      0.00      0.42      0.56     25.00      2.98     14.00      0.38      0.18         0        51         0         6
       500    942.81     -2.28     -3.74     89.66      3.98    131.00      0.00      1.04      1.18     29.00      3.11     57.00      0.91      0.51         0        51         0         6
       510    942.81     -2.15     -3.62     89.65      3.86    127.00      0.00      0.38      0.48     57.00      1.84     77.00      0.21      0.32         0        51         0         6
       520    942.86     -2.18     -3.56     90.28      3.81     91.00      0.00      0.57      0.76     15.00      2.22      8.00      0.55      0.15         0        51         0         6
       530    942.82     -1.98     -3.60     88.68      4.09    126.00      0.00      0.87      1.02     25.00      2.40      0.00      0.79      0.36         0        51         0         6
       540    942.88     -2.05     -3.48     89.94      4.10    165.00      0.00      0.71      0.89     33.00      1.97     60.00      0.59      0.39         0        51         0         6
       550    942.82     -1.92     -3.57     88.48      4.08    163.00      0.00      0.91      1.08     38.00      2.77     13.00      0.72      0.55         0        51         0         6
       560    942.81     -1.88     -3.49     88.72      4.03    137.00      0.00      0.45      0.69     55.00      1.80     87.00      0.26      0.37         0        51         0         6
       570    942.86     -1.65     -3.21     89.03      3.84    103.00      0.00      0.69      0.86     27.00      3.00    358.00      0.62      0.32         0        41         0         6
       580    942.91     -1.77     -3.43     88.39      3.90     88.00      0.00      0.48      0.65     31.00      2.01     84.00      0.41      0.25         0        51         0         6
       590    942.92     -1.78     -3.45     88.33      4.06    113.00      0.00      0.53      0.68     63.00      2.14     37.00      0.24      0.47         0        51         0         6
       600    942.95     -1.66     -3.34     88.31      4.15    152.00      0.00      0.58      0.75     38.00      2.20      0.00      0.46      0.36         0        51         0         6
       610    943.01     -1.67     -3.45     87.58      4.23    189.00      0.00      0.50      0.59     20.00      2.60      2.00      0.47      0.17         0        51         0         6
       620    943.02     -1.78     -3.63     87.14      4.30    247.00      0.00      0.92      1.07     32.00      3.10     21.00      0.78      0.49         0        50         0         6
       630    943.10     -1.19     -3.27     85.75      4.37    257.00      0.00      0.77      0.93     19.00      2.47     21.00      0.73      0.25         0        40         0         6
       640    943.09     -1.13     -3.44     84.30      4.27    284.00      0.00      0.54      0.75     26.00      3.60      0.00      0.48      0.24         0        40         0         6
       650    943.00     -0.99     -3.25     84.61      4.17    222.00      0.00      0.75      1.07     28.00      3.32    344.00      0.66      0.35         0        40         0         6
       660    942.98     -1.30     -3.57     84.53      4.12    172.00      0.00      1.06      1.28     34.00      3.32      7.00      0.88      0.59         0        40         0         6
       670    942.97     -1.02     -3.28     84.61      4.25    204.00      0.00      0.78      0.92     27.00      2.45     12.00      0.70      0.35         0        41         0         6
       680    943.03     -1.03     -3.18     85.34      4.23    211.00      0.00      0.75      0.94     30.00      2.51      5.00      0.65      0.38         0        41         0         6
       690    942.96     -0.97     -3.05     85.70      4.24    218.00      0.00      0.88      1.20     42.00      3.95     81.00      0.66      0.59         0        41         0         6
       700    943.01     -0.76     -2.96     85.01      4.21    208.00      0.00      0.84      1.02     40.00      3.40      0.00      0.65      0.53         0        41         0         6
       710    943.06     -0.90     -3.01     85.53      4.21    197.00      0.00      0.94      1.12     41.00      2.92     31.00      0.71      0.62         0        41         0         6
       720    943.07     -0.81     -2.96     85.32      4.27    212.00      0.00      0.90      1.17     38.00      3.06     11.00      0.72      0.55         0        41         0         6
       730    943.02     -0.74     -3.19     83.48      4.39    254.00      0.00      1.08      1.33     39.00      3.70    358.00      0.84      0.68         0        41         0         6
       740    943.04     -0.57     -2.93     84.03      4.27    281.00      0.00      0.64      0.85     39.00      2.42    353.00      0.50      0.40         0        40         0         6
       750    943.13     -0.48     -3.14     82.18      4.38    280.00      0.00      1.18      1.36     27.00      3.35     17.00      1.05      0.53         0        40         0         6
       760    943.06     -0.64     -3.15     83.10      4.25    252.00      0.00      0.70      1.01     28.00      3.23     22.00      0.62      0.33         0        40         0         6
       770    943.01     -0.62     -3.24     82.39      4.29    238.00      0.00      1.13      1.39     31.00      3.79     12.00      0.98      0.58         0        40         0         6
       780    943.02     -0.68     -3.16     83.26      4.21    209.00      0.00      1.28      1.49     32.00      4.49     69.00      1.08      0.68         0        40         0         6
       790    943.02     -0.66     -3.11     83.42      4.05    170.00      0.00      0.58      0.87     29.00      2.80     55.00      0.51      0.28         0        41         0         6
       800    942.99     -0.78     -3.01     84.77      4.02    138.00      0.00      0.73      0.89     22.00      2.92      6.00      0.68      0.27         0        41         0         6
       810    943.05     -0.81     -2.81     86.30      3.98    116.00      0.00      0.70      0.98     35.00      3.22    353.00      0.57      0.40         0        41         0         6
       820    943.07     -0.90     -3.02     85.48      3.99    115.00      0.00      0.74      0.88     35.00      2.82     27.00      0.61      0.42         0        41         0         6
       830    943.12     -0.94     -3.28     84.10      3.91    120.00      0.00      0.77      0.95     68.00      3.06     11.00      0.29      0.71         0        41         0         6
       840    943.16     -0.98     -3.17     85.00      3.94     98.00      0.00      0.98      1.25     33.00      3.14    351.00      0.82      0.53         0        41         0         6
       850    943.11     -0.86     -3.35     83.18      3.96    119.00      0.00      0.80      0.95     47.00      2.20     60.00      0.54      0.59         0        41         0         6
       860    943.07     -0.90     -3.37     83.25      3.99    125.00      0.00      0.98      1.21     32.00      3.89     29.00      0.83      0.52         0        41         0         6
       870    943.05     -0.93     -3.46     82.92      4.02    133.00      0.00      1.22      1.42     46.00      3.70     19.00      0.85      0.88         0       441         0         6
       880    943.02     -0.90     -3.29     83.81      3.88    118.00      0.00      0.53      0.67     52.00      3.61     46.00      0.33      0.42         0        41         0         6
       890    943.01     -0.96     -3.26     84.32      3.84     93.00      0.00      1.37      1.54     42.00      3.38     34.00      1.02      0.92         0        41         0         6
       900    942.99     -0.99     -3.35     83.97      3.93    101.00      0.00      0.86      1.14     27.00      2.92      6.00      0.77      0.39         0        41         0         6
       910    942.97     -1.00     -3.83     81.06      3.95    108.00      0.00      1.21      1.52     30.00      2.94     80.00      1.06      0.60         0        41         0         6
       920    943.03     -0.97     -3.72     81.55      3.98    121.00      0.00      1.02      1.27     42.00      2.64     25.00      0.75      0.69         0        40         0         6
       930    943.07     -0.74     -3.47     81.71      3.88    109.00      0.00      0.60      0.91     39.00      2.84     39.00      0.46      0.38         0        31         0         6
       940    943.13     -0.95     -3.73     81.39      3.83     91.00      0.00      0.95      1.15     41.00      2.91      4.00      0.71      0.63         0        41         0         6
       950    943.14     -0.99     -3.79     81.27      3.70     76.00      0.00      0.99      1.19     20.00      4.51     13.00      0.93      0.35         0        41         0         6
       960    943.17     -1.10     -3.90     81.21      3.59     59.00      0.00      0.94      1.14     42.00      2.92      6.00      0.70      0.63         0        41         0         6
       970    943.20     -1.06     -3.58     82.95      3.53     47.00      0.00      0.93      1.08     36.00      3.04    351.00      0.75      0.55         0        31         0         6
       980    943.26     -1.04     -3.71     82.05      3.17     35.00      0.00      0.65      0.86     34.00      2.77     13.00      0.54      0.36         0        41         0         6
       990    943.34     -0.96     -4.00     79.78      3.22     24.00      0.00      0.63      0.81     64.00      2.94     55.00      0.27      0.57         0        41         0         6
      1000    943.48     -1.14     -4.21     79.59      3.18     31.00      0.00      0.93      1.12     57.00      2.93      8.00      0.51      0.78         0        41         0         6
      1010    943.50     -1.10     -3.86     81.46      3.06     22.00      0.00      0.99      1.15     41.00      2.68     63.00      0.75      0.64         0        31         0         6
      1020    943.51     -1.20     -3.76     82.69      2.88     15.00      0.00      0.75      1.02     47.00      2.83     82.00      0.51      0.55         0        31         0         6
      1030    943.62     -1.22     -3.96     81.57      2.84     11.00      0.00      0.73      0.84     57.00      2.82     73.00      0.39      0.61         0        41         0         6
      1040    943.68     -1.29     -3.98     81.89      2.66      8.00      0.00      0.95      1.08     34.00      3.45     22.00      0.78      0.53         0        41         0         6
      1050    943.79     -1.35     -3.96     82.37      2.39      3.00      0.00      0.57      0.76     37.00      2.80     92.00      0.45      0.34         0        41         0         6
      1060    943.90     -1.66     -3.52     87.09      2.06      0.00      0.00      0.29      0.43     34.00      1.94     78.00      0.24      0.16         0        41         0         6
      1070    943.91     -1.58     -4.21     82.23      1.58     -3.00      0.00      0.91      1.10     40.00      3.21    356.00      0.69      0.59         0        41         0         6
      1080    944.03     -1.86     -3.84     86.34      0.71     -4.00      0.00      0.64      0.74     46.00      2.37     28.00      0.45      0.46         0        42         0         6
      1090    944.09     -1.82     -3.92     85.48     -0.08     -4.00      0.00      0.68      0.88     59.00      2.56     39.00      0.35      0.58         0        42         0         6
      1100    944.24     -1.69     -4.20     82.99     -0.79     -4.00      0.00      0.46      0.64     56.00      2.43     81.00      0.26      0.38         0        41         0         6
      1110    944.37     -1.80     -4.12     84.15     -1.26     -4.00      0.00      0.74      1.00     59.00      3.26     72.00      0.38      0.64         0        41         0         6
      1120    944.47     -1.85     -4.03     85.02     -1.34     -4.00      0.00      0.58      0.73     37.00      2.43     81.00      0.46      0.35         0        41         0         6
      1130    944.56     -1.83     -3.87     85.89     -1.22     -3.00      0.00      0.59      0.70     22.00      2.02      9.00      0.55      0.22         0        42         0         6
      1140    944.64     -1.68     -3.90     84.80     -1.17     -3.00      0.00      0.62      0.79     51.00      2.60     88.00      0.39      0.48         0        41         0         6
      1150    944.72     -1.62     -3.98     83.89     -1.20     -3.00      0.00      0.81      0.96     45.00      3.14      9.00      0.57      0.57         0        41         0         6
      1160    944.81     -1.76     -3.84     85.61     -1.22     -3.00      0.00      0.76      0.88     45.00      2.64     65.00      0.53      0.54         0        41         0         6
      1170    944.85     -1.75     -4.02     84.42     -1.30     -3.00      0.00      0.59      0.71     58.00      2.24     63.00      0.31      0.50         0        41         0         6
      1180    944.88     -1.84     -4.06     84.79     -1.15     -3.00      0.00      1.32      1.42     67.00      3.47     33.00      0.52      1.21         0        41         0         6
      1190    944.94     -1.67     -4.01     84.01     -1.16     -3.00      0.00      0.89      1.08     32.00      3.47    348.00      0.75      0.48         0        42         0         6
      1200    944.93     -1.57     -4.10     82.83     -1.10     -3.00      0.00      0.79      0.97     55.00      2.91     86.00      0.45      0.65         0        41         0         6
      1210    944.98     -1.74     -3.99     84.58     -1.09     -2.00      0.00      0.74      1.01     36.00      2.82     23.00      0.60      0.43         0        41         0         6
      1220    945.01     -1.66     -4.01     83.99     -1.07     -2.00      0.00      0.92      1.10     60.00      3.20      2.00      0.46      0.80         0        41         0         6
      1230    945.02     -1.79     -4.05     84.52     -1.06     -3.00      0.00      1.10      1.32     30.00      5.45      7.00      0.95      0.55         0        41         0         6
      1240    945.05     -1.79     -3.80     86.09     -1.05     -3.00      0.00      1.01      1.27     64.00      3.30     55.00      0.44      0.90         0        42         0         6
      1250    945.06     -1.81     -4.10     84.31     -1.07     -2.00      0.00      0.99      1.29     48.00      4.30    102.00      0.67      0.74         0        41         0         6
      1260    945.08     -1.84     -4.02     85.00     -1.10     -3.00      0.00      0.96      1.20     50.00      3.01     75.00      0.62      0.74         0        41         0         6
      1270    945.11     -1.84     -4.04     84.90     -1.14     -2.00      0.00      0.64      0.90     55.00      2.42     30.00      0.37      0.52         0        41         0         6
      1280    945.18     -1.96     -4.17     84.79     -1.18     -2.00      0.00      0.59      0.82     39.00      2.20     30.00      0.46      0.37         0        41         0         6
      1290    945.16     -1.94     -4.15     84.76     -1.20     -2.00      0.00      0.98      1.28     44.00      3.69    103.00      0.70      0.69         0        41         0         6
      1300    945.10     -1.98     -4.04     85.74     -1.24     -2.00      0.00      1.13      1.38     19.00      4.00      0.00      1.06      0.37         0        41         0         6
      1310    945.12     -1.98     -4.07     85.56     -1.22     -3.00      0.00      1.01      1.33     44.00      4.24     15.00      0.73      0.70         0        42         0         6
      1320    945.15     -2.02     -4.16     85.26     -1.21     -2.00      0.00      1.00      1.29     42.00      4.40    359.00      0.75      0.67         0        42         0         6
      1330    945.16     -2.03     -4.18     85.16     -1.23     -2.00      0.00      1.00      1.20     43.00      3.06     79.00      0.74      0.68         0        41         0         6
      1340    945.14     -2.01     -3.87     87.06     -1.25     -2.00      0.00      0.64      0.88     40.00      2.80     88.00      0.49      0.41         0        42         0         6
      1350    945.08     -2.04     -3.96     86.66     -1.24     -3.00      0.00      0.76      0.94     41.00      3.93      7.00      0.58      0.49         0        51         0         6
      1360    945.08     -1.95     -4.20     84.52     -1.26     -3.00      0.00      1.22      1.38     48.00      2.92     96.00      0.82      0.90         0        41         0         6
      1370    945.06     -1.88     -4.26     83.76     -1.30     -3.00      0.00      1.19      1.32     54.00      3.26     50.00      0.70      0.96         0        41         0         6
      1380    945.03     -1.98     -4.49     82.92     -1.34     -3.00      0.00      1.54      1.79     31.00      4.10     13.00      1.32      0.79         0        41         0         6
      1390    945.03     -1.99     -4.46     83.14     -1.34     -3.00      0.00      1.32      1.55     43.00      4.10      0.00      0.97      0.90         0        41         0         6
      1400    945.03     -1.98     -4.52     82.72     -1.33     -2.00      0.00      1.01      1.25     23.00      3.16    349.00      0.92      0.40         0        41         0         6
      1410    945.07     -2.15     -4.82     81.87     -1.34     -3.00      0.00      1.62      1.85     33.00      5.41     16.00      1.36      0.87         0        41         0         6
      1420    945.12     -2.11     -4.91     81.08     -1.26     -3.00      0.00      1.39      1.61     43.00      3.77     58.00      1.01      0.96         0        41         0         6
      1430    945.15     -2.08     -4.94     80.72     -1.25     -3.00      0.00      1.40      1.60     29.00      5.10     16.00      1.23      0.67         0        41         0         6
