44 1001
Wienhold, Frank G.
Institute for Atmospheric and Climate Science (IAC), ETH Zurich, Switzerland
meteorological station on Messfeld Hoenggerberg
permanent monitoring
1 1
2018 03 22  2018 03 22
0.0
time in minutes since 2018-03-22 0h00 GMT
18
     1.0     1.0     1.0     1.0     1.0     1.0     1.0     1.0     1.0     1.0     1.0     1.0     1.0     1.0     1.0     1.0     1.0     1.0
 99999.0 99999.0 99999.0 99999.0 99999.0 99999.0 99999.0 99999.0 99999.0 99999.0 99999.0 99999.0 99999.0 99999.0  9999.0  9999.0  9999.0  9999.0 
air pressure (hPa)
air temperature (deg C)
dew point(deg C)
relative humidity (percent)
illuminance (log base 10 of value in Lux)
radiation (W/m2)
rain accumulated during 10 min measurement interval (mm)
mean vector wind speed (m/s)
mean scalar wind speed (m/s)
mean wind direction (deg)
peak wind speed  (m/s)
direction of wind peek (deg)
mean north component (m/s)
mean east component (m/s)
barometer status code
thygan status code
interface sensor status code
wind sensor status code
5
station data 
location: Messfeld HPS G41, CH 8093 Zurich, Switzerland
latitude 47.40650 deg north
longitude 8.51190 deg east
elevation 541 m above sea level
7
This data can be used freely for scientific analysis.
The user agrees to cite IAC ETH Zurich as source of the data
and to consult IAC ETH Zurich before data is used for publication.

      time     p_air     T_air     T_dew        RH     illum radiation      rain  wspd_vec  wspd_scl      wdir   wspd_pk   wdir_pk wcp_north  wcp_east      baro    thygan       ifs      wind
     (min)     (hPa)   (deg C)   (deg C) (percent)(log10lux)    (W/m2)      (mm)     (m/s)     (m/s)     (deg)     (m/s)     (deg)     (m/s)     (m/s)  (status)  (status)  (status)  (status)

         0    960.61     -3.09     -7.14     73.55     -2.49     -6.00      0.00      0.00      0.00    180.00      0.10    180.00      0.00      0.00         0        21         0         6
        10    960.56     -3.16     -7.27     73.20     -2.50     -5.00      0.00      0.23      0.23      0.00      0.50      0.00      0.23      0.00         0        31         0         6
        20    960.52     -3.29     -7.25     74.03     -2.50     -5.00      0.00      0.23      0.23      0.00      0.40      0.00      0.23      0.00         0        31         0         6
        30    960.49     -3.20     -7.28     73.35     -2.50     -6.00      0.00      0.04      0.04    165.00      0.81    150.00     -0.04      0.01         0        31         0         6
        40    960.40     -3.18     -7.18     73.83     -2.49     -5.00      0.00      0.75      0.76     88.00      1.70     93.00      0.03      0.75         0        31         0         6
        50    960.31     -3.05     -7.45     71.57     -2.50     -5.00      0.00      0.93      0.93     91.00      1.32     99.00     -0.02      0.93         0        21         0         6
        60    960.17     -3.01     -7.49     71.16     -2.49     -6.00      0.00      0.49      0.51     95.00      1.20     90.00     -0.04      0.49         0        21         0         6
        70    960.08     -3.07     -7.08     73.77     -2.50     -6.00      0.00      0.00      0.00      0.00      0.00     90.00      0.00      0.00         0        21         0         6
        80    959.90     -4.57     -6.49     86.43     -2.49     -5.00      0.00      0.00      0.00      0.00      0.00     90.00      0.00      0.00         0        42         0         6
        90    959.75     -4.04     -6.35     83.90     -2.50     -5.00      0.00      0.00      0.00      0.00      0.00     90.00      0.00      0.00         0        42         0         6
       100    959.63     -3.70     -6.08     83.47     -2.50     -5.00      0.00      0.00      0.00      0.00      0.10      0.00      0.00      0.00         0        42         0         6
       110    959.51     -3.82     -6.11     84.05     -2.50     -5.00      0.00      0.00      0.00    180.00      0.10    180.00      0.00      0.00         0        52         0         6
       120    959.42     -3.43     -6.50     79.24     -2.50     -5.00      0.00      0.00      0.00      0.00      0.00    180.00      0.00      0.00         0        41         0         6
       130    959.32     -3.86     -5.97     85.23     -2.50     -5.00      0.00      0.00      0.00      0.00      0.00    180.00      0.00      0.00         0        41         0         6
       140    959.22     -3.98     -6.31     83.79     -2.50     -5.00      0.00      0.00      0.00      0.00      0.00    180.00      0.00      0.00         0        42         0         6
       150    959.12     -3.98     -6.26     84.14     -2.49     -5.00      0.00      0.00      0.00      0.00      0.00    180.00      0.00      0.00         0        42         0         6
       160    959.02     -4.23     -6.27     85.60     -2.48     -5.00      0.00      0.00      0.00      0.00      0.00    180.00      0.00      0.00         0        42         0         6
       170    959.04     -4.37     -6.29     86.42     -2.48     -5.00      0.00      0.00      0.00      0.00      0.00    180.00      0.00      0.00         0        52         0         6
       180    958.96     -4.24     -6.57     83.77     -2.48     -5.00      0.00      0.00      0.00    180.00      0.10    180.00      0.00      0.00         0        52         0         6
       190    958.84     -3.92     -6.85     80.02     -2.47     -5.00      0.00      0.00      0.00      0.00      0.00    180.00      0.00      0.00         0        41         0         6
       200    958.68     -4.04     -6.73     81.55     -2.47     -5.00      0.00      0.19      0.21    124.00      0.94    122.00     -0.11      0.16         0        41         0         6
       210    958.63     -4.27     -6.42     84.89     -2.47     -5.00      0.00      0.40      0.43    103.00      1.00     96.00     -0.09      0.39         0        42         0         6
       220    958.71     -4.60     -6.47     86.71     -2.45     -5.00      0.00      0.10      0.15     72.00      0.81     97.00      0.03      0.09         0        52         0         6
       230    958.78     -4.08     -6.23     84.93     -2.43     -5.00      0.00      0.34      0.43     23.00      0.92     77.00      0.31      0.13         0        42         0         6
       240    958.73     -4.25     -6.39     84.98     -2.41     -5.00      0.00      0.00      0.00      0.00      0.00     77.00      0.00      0.00         0        52         0         6
       250    958.70     -4.47     -6.07     88.55     -2.33     -5.00      0.00      0.00      0.00      0.00      0.00     77.00      0.00      0.00         0        52         0         6
       260    958.61     -4.18     -6.24     85.53     -2.12     -5.00      0.00      0.00      0.00      0.00      0.00     77.00      0.00      0.00         0        52         0         6
       270    958.53     -4.57     -6.15     88.67     -1.67     -5.00      0.00      0.00      0.00      0.00      0.00     77.00      0.00      0.00         0        52         0         6
       280    958.44     -4.24     -6.00     87.47     -1.01     -5.00      0.00      0.00      0.00      0.00      0.00     77.00      0.00      0.00         0        52         0         6
       290    958.50     -4.35     -5.98     88.42     -0.17     -5.00      0.00      0.00      0.00      0.00      0.00     77.00      0.00      0.00         0        52         0         6
       300    958.38     -4.63     -6.15     89.13      0.80     -5.00      0.00      0.00      0.00      0.00      0.00     77.00      0.00      0.00         0        52         0         6
       310    958.23     -5.30     -6.36     92.21      1.66     -4.00      0.00      0.00      0.00    180.00      0.10    180.00      0.00      0.00         0        62         0         6
       320    958.22     -5.36     -6.50     91.65      2.27     -3.00      0.00      0.00      0.00    180.00      0.10    180.00      0.00      0.00         0        61         0         6
       330    958.17     -4.51     -6.11     88.61      2.63      0.00      0.00      0.00      0.00    180.00      0.10    180.00      0.00      0.00         0        52         0         6
       340    958.08     -4.61     -5.99     90.02      2.82      5.00      0.00      0.00      0.00      0.00      0.00    180.00      0.00      0.00         0        52         0         6
       350    958.13     -4.87     -6.28     89.81      2.95     11.00      0.00      0.00      0.00     90.00      0.10     90.00      0.00      0.00         0        52         0         6
       360    958.10     -4.96     -6.28     90.40      3.02     18.00      0.00      0.03      0.03    182.00      0.50    180.00     -0.03      0.00         0        62         0         6
       370    958.17     -4.94     -6.28     90.32      3.19     23.00      0.00      0.02      0.02     90.00      0.40     90.00      0.00      0.02         0        61         0         6
       380    958.30     -4.14     -6.35     84.56      3.23     32.00      0.00      0.02      0.02    180.00      0.80    180.00     -0.02      0.00         0        41         0         6
       390    958.25     -3.94     -6.30     83.63      3.43     38.00      0.00      0.00      0.00      0.00      0.00    180.00      0.00      0.00         0       442         0         6
       400    958.09     -3.99     -6.35     83.59      3.46     45.00      0.00      0.36      0.38    252.00      1.32    261.00     -0.11     -0.34         0        42         0         6
       410    958.09     -3.59     -5.98     83.48      4.01     89.00      0.00      0.64      0.64    270.00      1.10    270.00      0.00     -0.64         0        42         0         6
       420    958.04     -3.28     -5.51     84.55      4.09    208.00      0.00      0.61      0.63    264.00      1.25    209.00     -0.06     -0.60         0        52         0         6
       430    957.97     -2.89     -5.27     83.55      4.20    257.00      0.00      1.11      1.15    216.00      1.58    215.00     -0.90     -0.65         0        51         0         6
       440    957.86     -2.52     -6.04     76.70      4.23    297.00      0.00      1.26      1.28    201.00      1.80    199.00     -1.18     -0.46         0        40         0         6
       450    957.85     -2.27     -5.34     79.39      4.29    325.00      0.00      0.97      1.01    210.00      1.52    203.00     -0.85     -0.48         0        40         0         6
       460    957.81     -2.12     -5.70     76.41      4.31    350.00      0.00      1.14      1.18    214.00      1.84    202.00     -0.95     -0.63         0        40         0         6
       470    957.87     -1.90     -5.78     74.71      4.36    375.00      0.00      0.79      0.86    237.00      1.62    248.00     -0.43     -0.66         0        40         0         6
       480    957.76     -0.73     -5.81     68.37      4.41    418.00      0.00      0.66      0.77    219.00      1.62    202.00     -0.51     -0.41         0        30         0         6
       490    957.71     -1.49     -5.72     72.83      4.45    455.00      0.00      0.65      0.71    230.00      1.48    242.00     -0.42     -0.50         0        40         0         6
       500    957.72     -1.17     -6.00     69.62      4.48    489.00      0.00      0.79      0.82    253.00      1.84    257.00     -0.23     -0.76         0        40         0         6
       510    957.61     -0.73     -5.48     70.17      4.48    511.00      0.00      0.92      0.99    243.00      1.80    251.00     -0.41     -0.82         0        40         0         6
       520    957.48     -0.85     -5.94     68.35      4.47    514.00      0.00      0.88      0.96    218.00      1.92    219.00     -0.69     -0.54         0        40         0         6
       530    957.49      0.14     -5.75     64.45      4.38    427.00      0.00      1.04      1.15    235.00      2.51    247.00     -0.59     -0.85         0        30         0         6
       540    957.49     -0.02     -6.19     63.09      4.63    462.00      0.00      0.79      0.91    213.00      1.91    227.00     -0.66     -0.43         0        40         0         6
       550    957.40     -0.03     -6.27     62.76      4.59    607.00      0.00      0.27      0.32    217.00      1.48    208.00     -0.22     -0.17         0        50         0         6
       560    957.33      0.71     -6.12     60.11      4.38    430.00      0.00      1.12      1.17    181.00      2.50    180.00     -1.12     -0.03         0        40         0         6
       570    957.23      0.22     -6.58     60.15      4.45    369.00      0.00      1.11      1.14    190.00      2.31    198.00     -1.09     -0.20         0        40         0         6
       580    957.24      0.77     -5.88     60.97      4.47    456.00      0.00      0.80      0.91    207.00      1.94    235.00     -0.71     -0.37         0        40         0         6
       590    957.23      1.62     -6.15     56.18      4.68    570.00      0.00      0.80      1.12    280.00      2.73    336.00      0.14     -0.78         0        40         0         6
       600    957.09      0.93     -6.78     56.29      4.67    648.00      0.00      0.98      1.13    237.00      4.21    252.00     -0.53     -0.82         0        50         0         6
       610    957.07      1.35     -7.39     52.07      4.49    618.00      0.00      1.84      2.00    253.00      4.02    251.00     -0.55     -1.75         0        50         0         6
       620    956.95      1.91     -7.25     50.56      4.51    440.00      0.00      1.31      1.41    242.00      3.30    256.00     -0.62     -1.15         0        40         0         6
       630    956.90      2.07     -8.76     44.46      4.49    666.00      0.00      1.78      1.87    258.00      3.91    257.00     -0.37     -1.74         0        40         0         6
       640    956.72      2.74     -6.44     50.73      4.69    600.00      0.00      1.23      1.48    225.00      3.37    258.00     -0.88     -0.87         0        40         0         6
       650    956.40      2.56     -7.07     48.96      4.61    657.00      0.00      1.46      1.70    244.00      3.71    256.00     -0.63     -1.32         0        40         0         6
       660    956.17      1.55     -9.11     44.89      4.46    432.00      0.00      1.76      1.83    231.00      3.69    221.00     -1.11     -1.37         0        50         0         6
       670    955.96      2.50     -7.55     47.37      4.64    423.00      0.00      1.58      1.77    241.00      5.14    257.00     -0.77     -1.37         0        40         0         6
       680    955.89      2.66     -8.47     43.61      4.65    552.00      0.00      2.18      2.28    212.00      3.62    219.00     -1.84     -1.17         0        40         0         6
       690    955.75      3.15     -7.83     44.27      4.58    521.00      0.00      2.30      2.37    194.00      4.60    178.00     -2.24     -0.54         0        40         0         6
       700    955.59      3.19     -8.85     40.75      4.51    509.00      0.00      1.59      1.82    188.00      4.16    204.00     -1.57     -0.22         0        40         0         6
       710    955.53      2.72     -9.79     39.13      4.51    442.00      0.00      2.11      2.39    245.00      4.59    259.00     -0.90     -1.91         0        40         0         6
       720    955.39      3.41     -8.50     41.25      4.56    452.00      0.00      1.09      1.18    234.00      3.14    217.00     -0.64     -0.89         0        40         0         6
       730    955.09      3.48     -7.91     42.97      4.60    490.00      0.00      1.98      2.20    203.00      4.37    200.00     -1.83     -0.77         0        40         0         6
       740    954.91      3.07     -7.93     44.17      4.45    379.00      0.00      2.40      2.53    220.00      4.48    241.00     -1.85     -1.54         0        40         0         6
       750    954.71      3.68     -7.29     44.45      4.48    350.00      0.00      1.99      2.09    196.00      4.01    176.00     -1.91     -0.56         0        30         0         6
       760    954.60      3.50    -10.10     36.14      4.37    328.00      0.00      1.89      2.07    252.00      5.21    267.00     -0.59     -1.79         0        40         0         6
       770    954.44      3.26     -9.88     37.43      4.33    279.00      0.00      2.10      2.20    253.00      4.16    243.00     -0.62     -2.01         0        40         0         6
       780    954.32      3.52     -8.45     41.07      4.38    287.00      0.00      1.61      1.80    259.00      3.83    255.00     -0.31     -1.58         0        40         0         6
       790    954.20      3.90     -8.33     40.36      4.49    328.00      0.00      1.96      2.04    242.00      4.20    218.00     -0.92     -1.73         0        30         0         6
       800    954.07      4.50     -8.74     37.50      4.49    403.00      0.00      2.41      2.49    254.00      5.57    261.00     -0.67     -2.31         0        30         0         6
       810    953.89      4.79     -9.40     34.90      4.49    507.00      0.00      1.96      2.06    248.00      5.48    249.00     -0.75     -1.81         0        40         0         6
       820    953.80      4.51     -9.44     35.46      4.72    412.00      0.00      2.22      2.29    256.00      5.14    257.00     -0.54     -2.16         0        40         0         6
       830    953.72      4.13     -9.26     36.92      4.28    365.00      0.00      1.71      1.83    265.00      4.43    264.00     -0.15     -1.70         0        40         0         6
       840    953.58      4.51     -8.59     37.91      4.12    170.00      0.00      1.57      1.69    276.00      4.24    278.00      0.16     -1.56         0        40         0         6
       850    953.58      4.41     -9.14     36.56      4.14    156.00      0.00      2.73      2.82    280.00      5.23    296.00      0.47     -2.69         0        30         0         6
       860    953.53      4.63     -8.19     38.79      4.12    147.00      0.00      1.80      1.93    270.00      4.61    243.00      0.00     -1.80         0        30         0         6
       870    953.47      4.41     -8.72     37.76      4.24    187.00      0.00      2.33      2.45    281.00      4.30    282.00      0.45     -2.29         0        30         0         6
       880    953.38      4.72     -8.12     38.75      4.11    190.00      0.00      1.94      2.04    278.00      4.66    255.00      0.28     -1.92         0        30         0         6
       890    953.29      4.45     -8.32     38.88      4.23    181.00      0.00      1.89      1.97    278.00      4.79    281.00      0.27     -1.87         0        30         0         6
       900    953.13      4.47     -8.44     38.45      4.04    176.00      0.00      2.40      2.48    275.00      4.69    259.00      0.21     -2.39         0        30         0         6
       910    953.00      4.06     -8.15     40.49      3.93    111.00      0.00      1.93      2.08    278.00      5.24    246.00      0.27     -1.91         0        30         0         6
       920    953.03      3.54     -8.17     41.93      3.87     92.00      0.00      3.27      3.37    283.00      8.37    285.00      0.74     -3.19         0        30         0         6
       930    953.05      2.66     -6.12     52.26      3.84     78.00      0.00      2.95      3.09    281.00      6.71    273.00      0.57     -2.90         0        40         0         6
       940    953.16      2.09     -5.03     59.18      3.72     72.00      0.00      2.90      2.97    278.00      6.84    291.00      0.42     -2.87         0        40         0         6
       950    953.28      1.76     -4.67     62.26      3.76     60.00      0.00      2.86      2.94    285.00      6.28    284.00      0.74     -2.76         0        30         0         6
       960    953.33      2.00     -4.35     62.69      3.75     55.00      0.00      2.34      2.45    285.00      4.73    283.00      0.62     -2.26         0        30         0         6
       970    953.31      2.11     -4.47     61.63      3.52     46.00      0.00      2.93      3.00    262.00      5.51    266.00     -0.42     -2.90         0        30         0         6
       980    953.21      2.13     -4.62     60.84      3.44     32.00      0.00      2.82      2.92    259.00      4.78    250.00     -0.54     -2.77         0        20         0         6
       990    953.12      2.02     -4.71     60.93      3.19     24.00      0.00      2.93      3.00    252.00      6.26    253.00     -0.89     -2.79         0        20         0         6
      1000    953.00      2.17     -4.73     60.20      3.13     19.00      0.00      2.24      2.28    257.00      4.37    250.00     -0.52     -2.18         0        20         0         6
      1010    952.92      2.22     -4.69     60.15      2.94     15.00      0.00      1.90      1.97    259.00      4.09    248.00     -0.37     -1.87         0        20         0         6
      1020    952.92      2.32     -4.84     59.04      2.80      9.00      0.00      1.40      1.43    268.00      3.11    276.00     -0.04     -1.40         0        20         0         6
      1030    952.77      2.14     -4.47     61.52      2.69      6.00      0.00      2.39      2.44    258.00      4.75    262.00     -0.51     -2.33         0        20         0         6
      1040    952.65      2.05     -4.17     63.32      2.43      3.00      0.00      2.14      2.17    260.00      4.65    261.00     -0.39     -2.10         0        20         0         6
      1050    952.52      2.06     -4.08     63.70      2.06      0.00      0.00      2.10      2.15    255.00      3.98    258.00     -0.55     -2.02         0        20         0         6
      1060    952.36      1.85     -4.02     64.96      1.76     -2.00      0.00      1.71      1.77    253.00      3.61    267.00     -0.50     -1.64         0        30         0         6
      1070    952.30      1.94     -4.30     63.20      1.27     -3.00      0.00      1.85      1.95    236.00      3.80    215.00     -1.04     -1.53         0        20         0         6
      1080    952.38      2.05     -3.76     65.28      0.63     -3.00      0.00      1.63      1.72    275.00      3.42    263.00      0.16     -1.63         0        20         0         6
      1090    952.30      1.85     -3.73     66.38     -0.06     -3.00      0.00      1.56      1.59    257.00      3.13    263.00     -0.35     -1.52         0        20         0         6
      1100    952.13      1.98     -3.76     65.63     -0.67     -3.00      0.00      1.54      1.59    254.00      3.08    257.00     -0.43     -1.48         0        20         0         6
      1110    952.08      1.63     -3.39     69.19     -0.84     -3.00      0.00      1.73      1.90    232.00      3.76    253.00     -1.07     -1.36         0        30         0         6
      1120    952.06      1.68     -3.49     68.46     -0.83     -3.00      0.00      1.80      1.87    236.00      2.94    260.00     -1.01     -1.49         0        20         0         6
      1130    952.16      1.64     -3.59     68.11     -0.84     -3.00      0.00      0.88      0.95    243.00      1.92    242.00     -0.40     -0.79         0        20         0         6
      1140    952.28      1.81     -3.74     66.50     -0.90     -3.00      0.00      1.03      1.07    252.00      2.20    270.00     -0.32     -0.97         0        20         0         6
      1150    952.30      1.78     -3.37     68.55     -0.91     -3.00      0.00      1.24      1.26    262.00      2.28    247.00     -0.17     -1.23         0        20         0         6
      1160    952.34      1.81     -3.10     69.82     -0.91     -3.00      0.00      1.37      1.41    269.00      2.83    262.00     -0.03     -1.37         0        20         0         6
      1170    952.39      1.83     -2.81     71.21     -0.94     -3.00      0.00      1.02      1.04    276.00      2.30    270.00      0.10     -1.01         0        20         0         6
      1180    952.36      1.18     -2.54     76.16     -0.98     -3.00      0.00      1.20      1.26    259.00      2.20    270.00     -0.24     -1.18         0        30         0         6
      1190    952.36      0.61     -1.62     84.94     -1.01     -4.00      0.10      1.51      1.59    251.00      3.01    255.00     -0.50     -1.42         0        31         0         6
      1200    952.32      0.46     -1.45     86.90     -0.98     -5.00      0.00      0.69      0.75    243.00      1.78    218.00     -0.31     -0.62         0        42         0         6
      1210    952.29      0.25     -1.23     89.67     -1.03     -5.00      0.10      0.82      0.95    238.00      1.88    205.00     -0.43     -0.70         0        42         0         6
      1220    952.24      0.10     -0.95     92.59     -0.99     -5.00      0.10      0.97      1.07    233.00      1.71    201.00     -0.59     -0.77         0        42         0         6
      1230    952.22      0.00     -0.89     93.64     -0.90     -4.00      0.00      1.54      1.54    210.00      1.97    210.00     -1.33     -0.78         0        53         0         6
      1240    952.22      0.08     -0.84     93.48     -0.90     -4.00      0.10      1.65      1.67    196.00      2.42    204.00     -1.58     -0.47         0        53         0         6
      1250    952.12      0.05     -0.87     93.44     -0.95     -4.00      0.10      1.75      1.79    198.00      2.93    172.00     -1.66     -0.54         0        53         0         6
      1260    952.06      0.00     -0.91     93.48     -1.01     -3.00      0.00      1.39      1.45    213.00      2.25    201.00     -1.17     -0.75         0        53         0         6
      1270    951.96      0.18     -1.13     90.78     -1.06     -3.00      0.10      1.85      1.88    216.00      2.92    202.00     -1.49     -1.10         0        52         0         6
      1280    951.88      0.18     -1.18     90.50     -1.08     -3.00      0.00      2.02      2.04    207.00      2.85    198.00     -1.80     -0.91         0        52         0         6
      1290    951.87      0.25     -1.09     90.61     -1.08     -3.00      0.00      1.46      1.52    190.00      2.57    193.00     -1.44     -0.25         0        52         0         6
      1300    951.82      0.26     -1.16     90.06     -1.11     -3.00      0.10      1.71      1.77    193.00      3.40    182.00     -1.66     -0.37         0        52         0         6
      1310    951.74      0.43     -1.18     88.88     -1.14     -3.00      0.00      1.55      1.63    204.00      3.32    201.00     -1.41     -0.63         0        52         0         6
      1320    951.60      0.48     -1.30     87.74     -1.16     -4.00      0.00      2.55      2.57    201.00      3.73    188.00     -2.39     -0.90         0        42         0         6
      1330    951.53      0.45     -1.18     88.73     -1.17     -4.00      0.00      2.54      2.55    202.00      3.54    196.00     -2.35     -0.95         0        42         0         6
      1340    951.49      0.54     -1.33     87.18     -1.19     -4.00      0.00      2.16      2.19    207.00      3.23    202.00     -1.93     -0.97         0        42         0         6
      1350    951.41      0.51     -1.14     88.60     -1.20     -3.00      0.00      1.90      1.93    208.00      2.77    206.00     -1.68     -0.89         0        52         0         6
      1360    951.29      0.54     -1.13     88.50     -1.21     -4.00      0.00      1.85      1.88    212.00      2.83    212.00     -1.58     -0.97         0        42         0         6
      1370    951.16      0.56     -1.04     88.93     -1.24     -4.00      0.00      1.59      1.63    210.00      2.48    220.00     -1.37     -0.80         0        42         0         6
      1380    951.07      0.48     -0.96     89.97     -1.26     -4.00      0.00      1.65      1.69    210.00      2.55    206.00     -1.44     -0.82         0        52         0         6
      1390    950.91      0.66     -1.24     86.99     -1.29     -4.00      0.00      1.63      1.70    212.00      3.32    201.00     -1.38     -0.86         0        52         0         6
      1400    950.86      0.44     -0.89     90.71     -1.30     -4.00      0.10      1.72      1.82    209.00      2.98    194.00     -1.50     -0.84         0        42         0         6
      1410    950.78      0.40     -0.82     91.47     -1.31     -4.00      0.00      1.52      1.58    227.00      2.30    214.00     -1.04     -1.11         0        43         0         6
      1420    950.67      0.37     -0.70     92.46     -1.33     -3.00      0.00      1.56      1.61    235.00      2.92    239.00     -0.90     -1.28         0        53         0         6
      1430    950.59      0.38     -0.64     92.74     -1.35     -3.00      0.00      1.57      1.61    228.00      2.52    214.00     -1.05     -1.17         0        52         0         6
