44 1001
Wienhold, Frank G.
Institute for Atmospheric and Climate Science (IAC), ETH Zurich, Switzerland
meteorological station on Messfeld Hoenggerberg
permanent monitoring
1 1
2018 01 25  2018 01 25
0.0
time in minutes since 2018-01-25 0h00 GMT
18
     1.0     1.0     1.0     1.0     1.0     1.0     1.0     1.0     1.0     1.0     1.0     1.0     1.0     1.0     1.0     1.0     1.0     1.0
 99999.0 99999.0 99999.0 99999.0 99999.0 99999.0 99999.0 99999.0 99999.0 99999.0 99999.0 99999.0 99999.0 99999.0  9999.0  9999.0  9999.0  9999.0 
air pressure (hPa)
air temperature (deg C)
dew point(deg C)
relative humidity (percent)
illuminance (log base 10 of value in Lux)
radiation (W/m2)
rain accumulated during 10 min measurement interval (mm)
mean vector wind speed (m/s)
mean scalar wind speed (m/s)
mean wind direction (deg)
peak wind speed  (m/s)
direction of wind peek (deg)
mean north component (m/s)
mean east component (m/s)
barometer status code
thygan status code
interface sensor status code
wind sensor status code
5
station data 
location: Messfeld HPS G41, CH 8093 Zurich, Switzerland
latitude 47.40650 deg north
longitude 8.51190 deg east
elevation 541 m above sea level
7
This data can be used freely for scientific analysis.
The user agrees to cite IAC ETH Zurich as source of the data
and to consult IAC ETH Zurich before data is used for publication.

      time     p_air     T_air     T_dew        RH     illum radiation      rain  wspd_vec  wspd_scl      wdir   wspd_pk   wdir_pk wcp_north  wcp_east      baro    thygan       ifs      wind
     (min)     (hPa)   (deg C)   (deg C) (percent)(log10lux)    (W/m2)      (mm)     (m/s)     (m/s)     (deg)     (m/s)     (deg)     (m/s)     (m/s)  (status)  (status)  (status)  (status)

         0    957.61      8.53      0.68     57.70     -2.27     -7.00      0.00      2.33      2.41    187.00      4.81    184.00     -2.31     -0.29         0        20         0         6
        10    957.52      7.68      0.95     62.37     -2.29     -7.00      0.00      2.81      2.95    217.00      6.43    192.00     -2.24     -1.69         0        30         0         6
        20    957.40      7.00      0.89     65.05     -2.29     -6.00      0.00      1.37      1.48    218.00      2.56    211.00     -1.08     -0.84         0        30         0         6
        30    957.38      6.03      0.88     69.51     -2.29     -6.00      0.00      0.99      1.08    229.00      2.38    255.00     -0.65     -0.74         0        30         0         6
        40    957.38      7.15      0.71     63.52     -2.30     -6.00      0.00      1.30      1.46    222.00      2.60    268.00     -0.97     -0.87         0        20         0         6
        50    957.37      8.42      0.61     57.86     -2.30     -6.00      0.00      2.19      2.30    211.00      4.25    229.00     -1.88     -1.13         0        10         0         6
        60    957.39      7.49      0.85     62.70     -2.31     -7.00      0.00      1.69      1.78    215.00      3.04    207.00     -1.38     -0.98         0        20         0         6
        70    957.47      6.00      0.88     69.64     -2.26     -6.00      0.00      0.69      0.77    227.00      2.00    217.00     -0.47     -0.50         0        30         0         6
        80    957.45      7.56      1.07     63.41     -2.31     -6.00      0.00      2.05      2.11    211.00      4.70    241.00     -1.76     -1.06         0        20         0         6
        90    957.43      8.48      1.08     59.61     -2.31     -7.00      0.00      2.86      2.94    212.00      5.32    185.00     -2.42     -1.53         0        10         0         6
       100    957.43      6.91      1.14     66.62     -2.32     -6.00      0.00      1.58      1.69    222.00      2.92    211.00     -1.18     -1.05         0        20         0         6
       110    957.42      7.57      1.12     63.58     -2.35     -6.00      0.00      1.89      1.98    222.00      4.66    215.00     -1.42     -1.26         0        20         0         6
       120    957.37      7.27      1.27     65.66     -2.36     -6.00      0.00      2.16      2.26    228.00      3.94    207.00     -1.45     -1.60         0        20         0         6
       130    957.28      7.41      1.27     64.97     -2.35     -7.00      0.00      2.68      2.76    218.00      5.29    195.00     -2.11     -1.65         0        20         0         6
       140    957.26      7.45      1.30     64.98     -2.35     -7.00      0.00      2.14      2.28    234.00      4.54    256.00     -1.25     -1.74         0        20         0         6
       150    957.21      7.20      1.32     66.18     -2.36     -7.00      0.00      2.51      2.54    215.00      3.68    202.00     -2.05     -1.46         0        20         0         6
       160    957.13      7.64      1.26     63.96     -2.36     -7.00      0.00      2.74      2.81    223.00      4.88    242.00     -1.99     -1.88         0        10         0         6
       170    957.10      7.32      1.28     65.43     -2.37     -6.00      0.00      2.64      2.67    226.00      3.98    231.00     -1.83     -1.90         0        20         0         6
       180    957.01      7.57      1.50     65.39     -2.36     -6.00      0.00      3.91      3.96    219.00      6.71    205.00     -3.02     -2.49         0        20         0         6
       190    956.95      7.40      1.41     65.69     -2.36     -6.00      0.00      2.93      3.03    231.00      5.32    258.00     -1.85     -2.27         0        20         0         6
       200    956.92      6.90      1.29     67.38     -2.35     -6.00      0.00      2.11      2.19    220.00      3.74    214.00     -1.61     -1.36         0        20         0         6
       210    956.92      7.20      1.21     65.66     -2.33     -6.00      0.00      2.65      2.68    214.00      4.44    211.00     -2.20     -1.48         0        20         0         6
       220    956.91      5.72      1.30     73.22     -2.31     -6.00      0.00      1.71      1.80    233.00      4.41    213.00     -1.02     -1.37         0        30         0         6
       230    956.94      6.75      1.19     67.61     -2.28     -6.00      0.00      0.92      0.96    245.00      2.14    259.00     -0.39     -0.83         0        20         0         6
       240    956.90      6.31      1.09     69.20     -2.26     -6.00      0.00      0.98      1.06    247.00      2.06    209.00     -0.38     -0.90         0        20         0         6
       250    956.80      6.34      1.26     69.91     -2.25     -6.00      0.00      1.07      1.19    237.00      2.33    205.00     -0.58     -0.90         0        20         0         6
       260    956.73      5.99      1.35     72.06     -2.28     -6.00      0.00      1.31      1.45    206.00      2.67    167.00     -1.18     -0.57         0        20         0         6
       270    956.69      5.98      1.39     72.34     -2.29     -6.00      0.00      1.50      1.57    213.00      2.97    213.00     -1.25     -0.82         0        20         0         6
       280    956.60      5.81      1.22     72.32     -2.27     -6.00      0.00      1.51      1.60    219.00      3.14    239.00     -1.17     -0.95         0        20         0         6
       290    956.53      6.04      1.24     71.24     -2.25     -6.00      0.00      1.73      1.77    219.00      2.72    216.00     -1.34     -1.09         0        10         0         6
       300    956.49      6.56      1.12     68.19     -2.22     -6.00      0.00      1.47      1.54    236.00      2.50    217.00     -0.83     -1.22         0        10         0         6
       310    956.46      5.54      1.12     73.17     -2.14     -6.00      0.00      1.06      1.10    244.00      2.08    235.00     -0.47     -0.95         0        20         0         6
       320    956.47      4.96      0.99     75.43     -2.11     -6.00      0.00      0.94      1.03    242.00      1.75    239.00     -0.44     -0.83         0        20         0         6
       330    956.46      6.99      0.94     65.32     -2.14     -6.00      0.00      1.41      1.48    219.00      3.62    208.00     -1.10     -0.89         0         0         0         6
       340    956.49      6.86      0.96     65.98     -2.15     -6.00      0.00      1.95      2.00    216.00      2.60    203.00     -1.59     -1.14         0        10         0         6
       350    956.40      5.86      1.05     71.19     -2.00     -6.00      0.00      2.13      2.17    221.00      2.91    221.00     -1.61     -1.39         0        20         0         6
       360    956.27      6.54      1.06     67.97     -1.60     -6.00      0.00      1.99      2.04    223.00      3.49    207.00     -1.45     -1.37         0        10         0         6
       370    956.26      6.76      1.12     67.20     -0.94     -6.00      0.00      1.93      1.96    221.00      3.31    241.00     -1.45     -1.27         0        10         0         6
       380    956.26      7.00      1.08     65.94     -0.24     -6.00      0.00      2.17      2.21    226.00      3.84    219.00     -1.52     -1.55         0        10         0         6
       390    956.17      5.68      1.37     73.76      0.45     -6.00      0.00      2.25      2.30    218.00      4.02    215.00     -1.77     -1.39         0        30         0         6
       400    956.09      5.64      1.20     73.07      1.23     -5.00      0.00      1.90      1.98    198.00      3.13    187.00     -1.81     -0.58         0        20         0         6
       410    956.06      4.54      1.21     78.94      2.04     -5.00      0.00      1.85      1.90    200.00      2.82    186.00     -1.74     -0.63         0        30         0         6
       420    956.02      6.08      1.03     70.02      2.52     -2.00      0.00      2.06      2.25    213.00      4.72    201.00     -1.73     -1.11         0        10         0         6
       430    955.93      5.82      1.11     71.73      2.74      0.00      0.00      2.17      2.23    210.00      3.64    212.00     -1.88     -1.08         0        20         0         6
       440    955.91      5.91      0.93     70.33      3.02     10.00      0.00      1.48      1.63    230.00      2.66    214.00     -0.96     -1.14         0        20         0         6
       450    955.85      5.41      1.05     73.46      3.15     16.00      0.00      1.18      1.26    226.00      2.14    233.00     -0.82     -0.85         0        20         0         6
       460    955.82      5.52      0.95     72.36      3.44     25.00      0.00      1.90      1.93    188.00      2.85    198.00     -1.88     -0.28         0        20         0         6
       470    955.82      4.40      1.05     78.79      3.54     35.00      0.00      1.26      1.31    178.00      2.70    178.00     -1.26      0.04         0        30         0         6
       480    955.75      5.97      0.91     69.96      3.61     43.00      0.00      0.88      1.09    192.00      2.33    211.00     -0.86     -0.18         0        10         0         6
       490    955.65      5.85      1.16     71.78      3.72     56.00      0.00      1.73      1.78    230.00      3.90    247.00     -1.10     -1.33         0        20         0         6
       500    955.50      6.11      1.19     70.67      3.78     68.00      0.00      1.55      1.60    241.00      2.97    250.00     -0.75     -1.35         0        20         0         6
       510    955.45      6.17      1.07     69.76      3.86     85.00      0.00      1.75      1.84    216.00      3.44    206.00     -1.42     -1.02         0        20         0         6
       520    955.44      6.06      0.84     69.17      3.88     95.00      0.00      1.48      1.70    199.00      3.42    195.00     -1.40     -0.49         0        20         0         6
       530    955.43      6.61      1.34     69.02      3.90    101.00      0.00      2.98      3.08    187.00      5.20    179.00     -2.96     -0.35         0        20         0         6
       540    955.51      6.37      1.65     71.73      3.93    106.00      0.00      3.12      3.14    199.00      4.40    197.00     -2.94     -1.04         0        20         0         6
       550    955.52      6.57      1.81     71.58      3.93    115.00      0.00      3.13      3.20    214.00      4.79    209.00     -2.59     -1.76         0        20         0         6
       560    955.47      6.75      1.87     70.98      4.02    123.00      0.00      3.30      3.37    219.00      5.02    227.00     -2.55     -2.09         0        20         0         6
       570    955.47      6.74      2.22     72.83      4.09    174.00      0.00      2.83      2.88    225.00      4.29    242.00     -1.99     -2.02         0        20         0         6
       580    955.37      7.19      2.36     71.39      4.30    237.00      0.00      2.73      2.77    231.00      4.70    246.00     -1.71     -2.13         0        20         0         6
       590    955.32      7.48      2.27     69.50      4.23    280.00      0.00      2.75      2.82    221.00      4.88    223.00     -2.08     -1.79         0        20         0         6
       600    955.30      7.85      2.73     69.98      4.36    278.00      0.00      2.91      3.00    233.00      4.70    241.00     -1.74     -2.33         0        20         0         6
       610    955.37      7.97      2.43     67.97      4.21    280.00      0.00      2.69      2.75    236.00      5.28    245.00     -1.49     -2.24         0        20         0         6
       620    955.41      8.10      2.67     68.52      4.18    241.00      0.00      2.19      2.25    246.00      4.30    252.00     -0.88     -2.00         0        30         0         6
       630    955.36      8.13      2.36     66.91      4.11    211.00      0.00      2.50      2.55    258.00      5.00    258.00     -0.53     -2.44         0        30         0         6
       640    955.33      7.92      2.58     68.94      4.14    185.00      0.00      3.41      3.46    252.00      5.35    249.00     -1.07     -3.24         0        30         0         6
       650    955.21      7.95      2.82     69.99      4.24    232.00      0.00      3.24      3.29    249.00      5.99    255.00     -1.14     -3.03         0        30         0         6
       660    955.15      8.17      3.06     70.12      4.20    240.00      0.00      2.29      2.33    248.00      3.91    257.00     -0.87     -2.12         0        30         0         6
       670    954.99      7.87      2.80     70.26      4.27    202.00      0.00      2.70      2.78    238.00      4.88    247.00     -1.42     -2.30         0        30         0         6
       680    954.82      8.39      3.01     68.82      4.34    316.00      0.00      3.00      3.08    245.00      5.60    254.00     -1.25     -2.73         0        30         0         6
       690    954.72      8.36      2.82     68.03      4.25    277.00      0.00      3.05      3.13    239.00      5.44    238.00     -1.59     -2.60         0        30         0         6
       700    954.55      8.46      2.57     66.45      4.20    239.00      0.00      2.67      2.72    246.00      4.88    259.00     -1.08     -2.44         0        30         0         6
       710    954.36      8.47      2.61     66.55      4.21    226.00      0.00      2.56      2.63    240.00      4.43    252.00     -1.28     -2.21         0        30         0         6
       720    954.19      8.56      3.02     68.15      4.17    186.00      0.00      2.02      2.09    232.00      4.02    243.00     -1.26     -1.58         0        30         0         6
       730    954.06      8.62      2.80     66.77      4.18    193.00      0.00      2.84      2.92    225.00      4.42    232.00     -2.00     -2.01         0        30         0         6
       740    953.88      8.75      2.91     66.70      4.18    211.00      0.00      2.63      2.70    222.00      4.62    219.00     -1.94     -1.77         0        30         0         6
       750    953.72      8.88      2.61     64.76      4.30    269.00      0.00      2.92      2.98    228.00      4.90    219.00     -1.93     -2.18         0        30         0         6
       760    953.52      8.93      2.59     64.44      4.24    238.00      0.00      2.47      2.55    215.00      3.49    193.00     -2.02     -1.42         0        30         0         6
       770    953.38      9.01      2.39     63.15      4.20    206.00      0.00      2.17      2.23    217.00      4.05    196.00     -1.72     -1.32         0        30         0         6
       780    953.24      9.15      2.39     62.59      4.18    198.00      0.00      1.45      1.56    196.00      2.61    176.00     -1.39     -0.41         0        30         0         0
       790    953.15      9.31      2.30     61.54      4.26    206.00      0.00      1.34      1.40    193.00      2.40    178.00     -1.30     -0.30         0        30         0         0
       800    953.03      9.58      1.95     58.89      4.37    263.00      0.00      0.93      1.03    190.00      2.90    182.00     -0.92     -0.16         0        30         0         0
       810    952.95      9.53      2.14     59.94      4.24    282.00      0.00      1.07      1.13    181.00      2.09    197.00     -1.07     -0.01         0        30         0         0
       820    952.79      9.16      1.83     60.05      4.14    189.00      0.00      1.19      1.21    186.00      2.35    192.00     -1.18     -0.12         0        40         0         0
       830    952.65      8.79      1.62     60.67      4.21    195.00      0.00      0.97      1.05    171.00      2.62    162.00     -0.96      0.14         0        40         0         0
       840    952.58      9.03      1.88     60.81      4.18    192.00      0.00      1.04      1.13    163.00      2.60    157.00     -0.99      0.31         0        40         0         0
       850    952.49      9.18      1.75     59.68      4.22    212.00      0.00      0.67      0.72    148.00      1.92    141.00     -0.57      0.35         0        40         0         0
       860    952.45      8.77      1.71     61.14      3.98    144.00      0.00      0.82      0.93    152.00      2.72    163.00     -0.73      0.38         0        40         0         0
       870    952.44      8.69      1.87     62.21      3.94    121.00      0.00      1.10      1.25    135.00      2.91    131.00     -0.78      0.78         0        40         0         0
       880    952.44      8.52      1.81     62.65      3.92    110.00      0.00      1.31      1.44    128.00      3.04    153.00     -0.81      1.03         0        30         0         0
       890    952.43      8.26      1.83     63.86      3.84     90.00      0.00      1.38      1.43    150.00      2.90    178.00     -1.19      0.70         0        30         0         0
       900    952.39      8.48      1.69     62.27      3.89     93.00      0.00      1.34      1.48    140.00      3.01    159.00     -1.03      0.87         0        30         0         0
       910    952.29      7.96      1.94     65.67      3.72     86.00      0.00      1.32      1.43    153.00      3.26    162.00     -1.18      0.59         0        30         0         0
       920    952.35      7.72      1.41     64.25      3.50     53.00      0.00      1.83      1.91    150.00      5.00    164.00     -1.58      0.92         0        30         0         0
       930    952.34      7.39      1.39     65.66      3.19     28.00      0.00      1.96      2.05    154.00      3.96    137.00     -1.75      0.86         0        30         0         6
       940    952.36      7.45      1.43     65.62      3.13     21.00      0.00      1.98      2.06    153.00      4.40    163.00     -1.76      0.91         0        20         0         6
       950    952.33      7.28      1.62     67.24      2.91     13.00      0.00      2.04      2.15    155.00      5.00    164.00     -1.85      0.85         0        20         0         6
       960    952.28      6.90      1.90     70.42      2.57      4.00      0.00      1.87      1.97    148.00      4.92    151.00     -1.59      0.99         0        30         0         6
       970    952.21      7.17      1.68     68.03      2.30      0.00      0.00      2.22      2.30    153.00      5.00    164.00     -1.98      1.00         0        20         0         6
       980    952.17      7.46      1.68     66.75      1.77     -2.00      0.00      1.48      1.60    155.00      3.70    142.00     -1.35      0.62         0        20         0         6
       990    952.11      7.69      1.68     65.65      1.26     -5.00      0.00      1.81      1.94    148.00      3.71    166.00     -1.54      0.95         0        20         0         6
      1000    952.05      7.89      1.65     64.64      0.49     -5.00      0.00      1.52      1.65    139.00      3.40    104.00     -1.14      1.00         0        20         0         6
      1010    952.06      7.86      1.80     65.49     -0.33     -5.00      0.00      1.30      1.44    150.00      3.67    151.00     -1.13      0.65         0        20         0         6
      1020    952.13      6.97      2.10     71.06     -0.94     -5.00      0.00      1.68      1.78    156.00      3.92    174.00     -1.54      0.69         0        30         0         6
      1030    952.15      6.80      1.85     70.66     -1.22     -5.00      0.00      1.84      2.01    153.00      5.57    171.00     -1.64      0.83         0        30         0         6
      1040    952.10      7.11      1.59     67.90     -1.32     -5.00      0.00      1.58      1.72    138.00      4.14    110.00     -1.17      1.06         0        20         0         6
      1050    952.10      6.73      1.82     70.89     -1.26     -5.00      0.00      1.28      1.41    135.00      3.10    159.00     -0.91      0.91         0        20         0         6
      1060    952.12      6.67      1.85     71.29     -1.28     -5.00      0.00      1.43      1.55    134.00      3.67    119.00     -1.00      1.02         0        20         0         6
      1070    952.11      6.84      1.79     70.17     -1.30     -5.00      0.00      1.12      1.31    144.00      3.61    175.00     -0.91      0.66         0        20         0         6
      1080    952.10      7.05      1.64     68.46     -1.34     -5.00      0.00      1.42      1.52    147.00      4.09    158.00     -1.19      0.77         0        20         0         6
      1090    952.12      6.80      1.74     70.14     -1.32     -5.00      0.00      1.69      1.82    155.00      3.96    164.00     -1.53      0.71         0        20         0         6
      1100    952.12      6.80      1.45     68.67     -1.29     -5.00      0.00      1.82      2.00    148.00      4.59    160.00     -1.55      0.95         0        20         0         6
      1110    952.08      6.96      1.42     67.77     -1.27     -5.00      0.00      1.78      1.97    153.00      4.67    170.00     -1.58      0.81         0        20         0         6
      1120    952.07      6.78      1.57     69.37     -1.28     -5.00      0.00      1.71      1.84    149.00      4.41    176.00     -1.47      0.88         0        20         0         6
      1130    952.07      7.04      1.33     66.99     -1.29     -5.00      0.00      2.01      2.18    149.00      4.88    157.00     -1.72      1.04         0        20         0         6
      1140    952.14      6.91      1.42     68.00     -1.29     -5.00      0.00      1.88      2.11    144.00      5.03    111.00     -1.52      1.11         0        20         0         6
      1150    952.16      6.52      1.71     71.33     -1.27     -5.00      0.00      1.57      1.71    143.00      4.18    169.00     -1.24      0.95         0        20         0         6
      1160    952.27      6.40      1.73     72.03     -1.28     -5.00      0.00      1.77      1.90    147.00      3.73    160.00     -1.48      0.97         0        20         0         6
      1170    952.32      6.68      1.52     69.59     -1.31     -5.00      0.00      1.53      1.70    146.00      4.12    166.00     -1.26      0.86         0        20         0         6
      1180    952.27      6.62      1.48     69.65     -1.33     -5.00      0.00      1.67      1.83    142.00      4.18    163.00     -1.31      1.03         0        20         0         6
      1190    952.22      6.50      1.48     70.27     -1.31     -5.00      0.00      1.82      1.98    147.00      3.89    162.00     -1.52      0.99         0        20         0         6
      1200    952.24      6.74      1.19     67.65     -1.31     -5.00      0.00      1.69      1.86    144.00      4.11    176.00     -1.36      1.00         0        20         0         6
      1210    952.18      6.52      1.31     69.29     -1.32     -5.00      0.00      1.46      1.59    142.00      3.98    108.00     -1.16      0.90         0        20         0         6
      1220    952.17      6.34      1.46     70.93     -1.32     -4.00      0.00      1.34      1.47    132.00      4.07    155.00     -0.90      1.00         0        20         0         6
      1230    952.27      6.74      1.12     67.35     -1.33     -4.00      0.00      1.50      1.63    141.00      3.83    165.00     -1.17      0.95         0        20         0         6
      1240    952.29      6.59      1.14     68.13     -1.33     -4.00      0.00      1.47      1.61    141.00      4.02    174.00     -1.14      0.93         0        20         0         6
      1250    952.29      6.78      0.92     66.20     -1.35     -4.00      0.00      1.57      1.70    140.00      3.24    171.00     -1.21      1.01         0        20         0         6
      1260    952.30      6.17      1.49     71.95     -1.35     -4.00      0.00      1.74      1.84    133.00      3.76    155.00     -1.18      1.28         0        30         0         6
      1270    952.31      7.00      0.53     63.37     -1.37     -4.00      0.00      1.61      1.73    140.00      4.24    161.00     -1.23      1.04         0        20         0         6
      1280    952.33      6.76      0.89     66.11     -1.39     -5.00      0.00      2.07      2.19    141.00      3.89    162.00     -1.61      1.30         0        20         0         6
      1290    952.22      6.89      0.77     64.94     -1.46     -5.00      0.00      1.99      2.10    135.00      5.19    155.00     -1.40      1.41         0        20         0         6
      1300    952.07      6.50      0.97     67.72     -1.49     -5.00      0.00      1.87      1.99    137.00      3.91    184.00     -1.38      1.27         0        20         0         6
      1310    952.05      6.72      0.75     65.62     -1.49     -5.00      0.00      1.43      1.56    123.00      3.22    154.00     -0.78      1.20         0        20         0         6
      1320    952.22      6.85      0.72     64.90     -1.51     -4.00      0.00      1.04      1.25    155.00      3.10    195.00     -0.94      0.44         0        20         0         6
      1330    952.28      6.08      1.19     70.78     -1.56     -5.00      0.00      1.26      1.45    139.00      3.28    168.00     -0.95      0.82         0        30         0         6
      1340    952.22      6.56      0.74     66.35     -1.56     -4.00      0.00      1.21      1.32    118.00      2.91    131.00     -0.57      1.07         0        20         0         6
      1350    952.14      6.03      0.92     69.67     -1.56     -4.00      0.00      1.00      1.08    123.00      3.05    131.00     -0.55      0.83         0        30         0         6
      1360    952.10      6.41      0.71     66.85     -1.60     -4.00      0.00      0.96      1.11    119.00      2.79    159.00     -0.46      0.85         0        20         0         6
      1370    952.03      6.84      0.00     61.66     -1.68     -5.00      0.00      1.57      1.67    125.00      3.54    135.00     -0.91      1.28         0        20         0         6
      1380    951.94      6.96     -0.11     60.62     -1.71     -5.00      0.00      1.52      1.63    123.00      3.44    154.00     -0.84      1.27         0        20         0         6
      1390    951.93      5.65      0.95     71.75     -1.66     -5.00      0.00      1.38      1.46    122.00      3.11    138.00     -0.73      1.17         0        30         0         6
      1400    951.94      6.12      0.45     66.91     -1.59     -4.00      0.00      0.34      0.57     21.00      1.34    333.00      0.32      0.12         0        20         0         6
      1410    951.84      5.78      1.01     71.37     -1.63     -4.00      0.00      0.48      0.56     87.00      1.17    149.00      0.02      0.48         0        20         0         6
      1420    951.81      6.75     -0.13     61.43     -1.66     -4.00      0.00      0.04      0.17     28.00      1.00    180.00      0.04      0.02         0        10         0         6
      1430    951.79      5.80      0.36     68.03     -1.70     -4.00      0.00      0.30      0.31    354.00      1.70    357.00      0.29     -0.03         0        20         0         6
