44 1001
Wienhold, Frank G.
Institute for Atmospheric and Climate Science (IAC), ETH Zurich, Switzerland
meteorological station on Messfeld Hoenggerberg
permanent monitoring
1 1
2018 01 21  2018 01 21
0.0
time in minutes since 2018-01-21 0h00 GMT
18
     1.0     1.0     1.0     1.0     1.0     1.0     1.0     1.0     1.0     1.0     1.0     1.0     1.0     1.0     1.0     1.0     1.0     1.0
 99999.0 99999.0 99999.0 99999.0 99999.0 99999.0 99999.0 99999.0 99999.0 99999.0 99999.0 99999.0 99999.0 99999.0  9999.0  9999.0  9999.0  9999.0 
air pressure (hPa)
air temperature (deg C)
dew point(deg C)
relative humidity (percent)
illuminance (log base 10 of value in Lux)
radiation (W/m2)
rain accumulated during 10 min measurement interval (mm)
mean vector wind speed (m/s)
mean scalar wind speed (m/s)
mean wind direction (deg)
peak wind speed  (m/s)
direction of wind peek (deg)
mean north component (m/s)
mean east component (m/s)
barometer status code
thygan status code
interface sensor status code
wind sensor status code
5
station data 
location: Messfeld HPS G41, CH 8093 Zurich, Switzerland
latitude 47.40650 deg north
longitude 8.51190 deg east
elevation 541 m above sea level
7
This data can be used freely for scientific analysis.
The user agrees to cite IAC ETH Zurich as source of the data
and to consult IAC ETH Zurich before data is used for publication.

      time     p_air     T_air     T_dew        RH     illum radiation      rain  wspd_vec  wspd_scl      wdir   wspd_pk   wdir_pk wcp_north  wcp_east      baro    thygan       ifs      wind
     (min)     (hPa)   (deg C)   (deg C) (percent)(log10lux)    (W/m2)      (mm)     (m/s)     (m/s)     (deg)     (m/s)     (deg)     (m/s)     (m/s)  (status)  (status)  (status)  (status)

         0    938.73      5.78      4.47     91.33     -1.30     -3.00      0.10      4.79      4.88    255.00      9.68    254.00     -1.22     -4.64         0        30         0         6
        10    938.78      5.79      4.32     90.26     -1.39     -3.00      0.00      4.55      4.61    253.00      9.36    256.00     -1.32     -4.35         0        30         0         6
        20    939.13      5.78      4.19     89.52     -1.39     -3.00      0.00      4.66      4.74    257.00      8.18    258.00     -1.04     -4.54         0        30         0         6
        30    939.36      5.85      4.02     88.05     -1.44     -3.00      0.00      4.60      4.69    257.00      9.26    259.00     -1.02     -4.48         0        30         0         6
        40    939.59      5.87      3.98     87.67     -1.42     -3.00      0.00      5.04      5.14    257.00      9.39    258.00     -1.10     -4.92         0        30         0         6
        50    939.83      5.90      4.00     87.61     -1.51     -3.00      0.00      4.40      4.50    258.00      9.52    251.00     -0.93     -4.30         0        30         0         6
        60    939.97      5.88      3.87     86.89     -1.99     -3.00      0.00      4.41      4.49    259.00      8.95    245.00     -0.83     -4.33         0        30         0         6
        70    940.20      5.83      3.77     86.56     -1.93     -3.00      0.00      3.62      3.69    259.00      7.44    264.00     -0.66     -3.56         0        30         0         6
        80    940.52      5.84      3.76     86.49     -1.85     -3.00      0.00      3.81      3.88    262.00      7.09    254.00     -0.53     -3.77         0        30         0         6
        90    940.76      6.04      3.65     84.62     -1.51     -3.00      0.00      3.58      3.67    262.00      8.10    261.00     -0.48     -3.54         0        30         0         6
       100    940.99      6.12      3.76     84.78     -1.39     -2.00      0.00      4.20      4.30    260.00      8.40    261.00     -0.71     -4.14         0        30         0         6
       110    941.28      6.13      3.94     85.79     -1.40     -3.00      0.30      3.10      3.23    277.00      6.89    310.00      0.36     -3.08         0        30         0         6
       120    941.52      5.91      4.14     88.38     -1.38     -3.00      0.40      2.55      2.65    283.00      4.92    299.00      0.59     -2.48         0        30         0         6
       130    941.85      5.85      4.24     89.42     -1.37     -3.00      0.20      2.68      2.80    291.00      6.10    260.00      0.95     -2.50         0        30         0         6
       140    942.14      5.50      4.58     93.77     -1.38     -3.00      0.40      2.19      2.34    310.00      4.62    321.00      1.41     -1.68         0        40         0         6
       150    942.48      5.76      3.35     84.48     -1.52     -3.00      0.80      3.25      3.60    292.00     12.63    278.00      1.20     -3.03         0        30         0         7
       160    942.72      5.51      3.31     85.75     -1.42     -2.00      0.20      3.95      4.17    287.00      8.19    288.00      1.17     -3.77         0        30         0         6
       170    942.95      5.48      2.79     82.79     -1.36     -3.00      0.30      4.76      4.93    284.00     11.02    278.00      1.14     -4.62         0        30         0         7
       180    943.24      5.25      2.59     82.89     -1.36     -3.00      0.40      4.55      4.69    281.00      9.08    289.00      0.89     -4.46         0        30         0         6
       190    943.53      5.13      2.76     84.68     -1.35     -3.00      0.20      4.17      4.28    284.00      8.20    286.00      1.03     -4.04         0        20         0         6
       200    943.78      5.00      3.01     86.89     -1.35     -3.00      0.20      3.52      3.67    279.00      7.33    281.00      0.54     -3.48         0        30         0         6
       210    944.02      4.92      3.03     87.55     -1.37     -3.00      0.10      2.94      3.01    277.00      6.48    279.00      0.34     -2.92         0        30         0         6
       220    944.19      4.91      3.09     88.00     -1.47     -3.00      0.10      2.16      2.24    276.00      6.07    279.00      0.22     -2.15         0        30         0         6
       230    944.42      4.93      2.93     86.85     -1.54     -3.00      0.00      1.99      2.07    277.00      4.73    264.00      0.23     -1.97         0        30         0         6
       240    944.75      4.63      3.17     90.23     -1.63     -2.00      0.00      2.34      2.42    262.00      5.35    249.00     -0.31     -2.32         0        30         0         6
       250    944.83      4.69      2.88     88.05     -1.79     -3.00      0.00      2.45      2.55    257.00      5.51    254.00     -0.53     -2.39         0        30         0         6
       260    944.95      4.44      2.97     90.18     -1.90     -3.00      0.00      2.64      2.77    258.00      5.81    267.00     -0.54     -2.59         0        30         0         6
       270    945.14      4.26      2.84     90.48     -1.70     -3.00      0.00      2.31      2.36    237.00      4.67    227.00     -1.27     -1.93         0        30         0         6
       280    945.32      4.09      2.82     91.48     -1.62     -3.00      0.00      2.06      2.20    245.00      4.70    271.00     -0.89     -1.86         0        40         0         6
       290    945.53      4.24      2.75     90.00     -1.79     -3.00      0.00      1.76      1.84    229.00      3.64    238.00     -1.15     -1.33         0        30         0         6
       300    945.71      4.08      2.73     90.88     -1.71     -3.00      0.00      1.53      1.61    244.00      2.83    262.00     -0.68     -1.37         0        40         0         6
       310    946.00      4.25      2.64     89.27     -1.64     -3.00      0.00      1.86      1.95    255.00      4.95    256.00     -0.48     -1.80         0        30         0         6
       320    946.24      4.21      2.71     89.92     -1.64     -2.00      0.10      2.36      2.46    267.00      5.42    247.00     -0.13     -2.36         0        30         0         6
       330    946.43      4.16      2.65     89.87     -1.63     -2.00      0.00      2.10      2.16    259.00      4.00    267.00     -0.40     -2.07         0        40         0         6
       340    946.61      4.10      2.60     89.89     -1.75     -2.00      0.00      2.32      2.40    259.00      5.27    237.00     -0.44     -2.28         0        40         0         6
       350    946.85      4.33      2.28     86.49     -1.53     -2.00      0.00      2.99      3.10    281.00      6.69    284.00      0.58     -2.94         0        30         0         6
       360    947.01      4.25      2.02     85.37     -1.56     -2.00      0.00      3.37      3.48    282.00      7.51    273.00      0.68     -3.30         0        30         0         6
       370    947.10      4.02      2.21     87.97     -1.52     -2.00      0.00      3.12      3.25    264.00      6.70    270.00     -0.34     -3.10         0        30         0         6
       380    947.31      3.93      2.27     88.89     -0.88     -3.00      0.00      2.88      2.93    250.00      6.99    257.00     -0.99     -2.70         0        30         0         6
       390    947.60      4.08      2.19     87.44     -0.04     -3.00      0.00      2.57      2.61    253.00      5.36    256.00     -0.75     -2.46         0        30         0         6
       400    947.84      4.16      2.08     86.31      0.82     -2.00      0.00      2.98      3.05    263.00      5.46    256.00     -0.34     -2.96         0        30         0         6
       410    948.07      4.13      2.06     86.30      1.36     -2.00      0.00      2.75      2.81    270.00      5.34    283.00     -0.01     -2.75         0        30         0         6
       420    948.23      4.04      2.17     87.58      1.67     -2.00      0.10      3.09      3.15    283.00      5.85    287.00      0.69     -3.01         0        30         0         6
       430    948.41      3.65      1.32     84.69      1.78     -2.00      0.10      3.66      3.80    274.00      7.93    256.00      0.28     -3.65         0        30         0         6
       440    948.63      3.50      1.51     86.81      2.35      0.00      0.10      3.75      3.84    275.00      7.81    280.00      0.34     -3.74         0        30         0         6
       450    948.86      3.42      1.68     88.36      2.31      2.00      0.10      3.23      3.32    275.00      6.92    274.00      0.27     -3.22         0        30         0         6
       460    949.16      3.27      1.45     87.84      2.58      1.00      0.10      3.56      3.69    275.00      7.91    257.00      0.32     -3.55         0        30         0         6
       470    949.40      3.29      1.50     87.97      2.74      5.00      0.00      2.63      2.77    277.00      6.25    263.00      0.34     -2.61         0        30         0         6
       480    949.64      3.24      1.62     89.12      2.88     11.00      0.00      2.30      2.38    278.00      5.12    276.00      0.32     -2.28         0        30         0         6
       490    949.87      3.21      1.58     89.03      3.19     23.00      0.00      1.75      1.81    285.00      4.12    299.00      0.46     -1.69         0        30         0         6
       500    950.04      3.42      0.86     83.25      3.20     26.00      0.00      1.77      1.94    308.00      4.93    288.00      1.09     -1.40         0        30         0         6
       510    950.32      3.41      0.81     83.07      3.56     27.00      0.00      1.80      2.00    317.00      6.21    345.00      1.33     -1.22         0        30         0         6
       520    950.50      3.39      0.63     82.11      3.65     47.00      0.00      1.85      2.01    317.00      4.30    329.00      1.36     -1.26         0        30         0         6
       530    950.70      3.43      0.33     80.11      3.32     40.00      0.00      1.99      2.16    309.00      4.21    288.00      1.25     -1.55         0        30         0         6
       540    950.92      3.43      0.45     80.77      3.45     33.00      0.00      1.29      1.38    303.00      3.38    289.00      0.69     -1.08         0        30         0         6
       550    951.22      3.38      0.03     78.64      3.78     34.00      0.00      1.42      1.56    314.00      3.33    311.00      0.98     -1.03         0        30         0         6
       560    951.40      3.39     -0.14     77.58      3.20     42.00      0.00      1.45      1.58    317.00      4.28    307.00      1.06     -0.99         0        30         0         6
       570    951.60      3.25      0.72     83.45      3.30     29.00      0.00      0.89      1.05    326.00      2.20    300.00      0.74     -0.49         0        31         0         6
       580    951.81      2.86      0.73     85.84      3.39     37.00      0.00      0.71      0.96     25.00      2.89     14.00      0.64      0.29         0        40         0         6
       590    952.16      2.94      0.52     84.10      3.49     37.00      0.00      0.64      0.78      7.00      2.14    349.00      0.64      0.08         0        30         0         6
       600    952.41      2.76     -0.21     80.68      3.54     49.00      0.00      0.84      1.11      6.00      3.67    343.00      0.83      0.09         0        30         0         6
       610    952.66      2.73     -0.37     79.94      3.42     35.00      0.00      1.04      1.20      4.00      3.11      6.00      1.04      0.08         0        30         0         6
       620    952.81      2.65     -0.10     82.01      3.60     38.00      0.00      0.78      1.02     10.00      2.70      2.00      0.77      0.14         0        31         0         6
       630    952.83      2.73     -0.22     80.80      3.45     50.00      0.00      0.38      0.57     25.00      3.00      0.00      0.34      0.16         0        30         0         6
       640    952.89      2.31      0.44     87.43      3.02     22.00      0.00      0.47      0.58     52.00      2.33     59.00      0.29      0.37         0        31         0         6
       650    953.13      2.32     -1.05     78.33      3.09     14.00      0.00      1.07      1.27    316.00      2.40    343.00      0.78     -0.74         0        40         0         6
       660    953.31      1.00     -0.53     89.44      3.30     26.00      0.60      0.89      1.23    352.00      3.11      6.00      0.88     -0.13         0        41         0         6
       670    953.32      1.00     -0.34     90.70      3.11     19.00      0.10      0.19      0.22      3.00      1.10      0.00      0.19      0.01         0        42         0         6
       680    953.35      1.01     -0.09     92.32      3.51     28.00      0.20      0.17      0.42     91.00      1.39    111.00      0.00      0.17         0        52         0         6
       690    953.38      1.02     -0.12     91.97      3.65     52.00      0.10      0.48      0.53     95.00      1.40     90.00     -0.04      0.48         0        51         0         6
       700    953.55      1.04      0.20     94.10      3.48     30.00      0.00      0.25      0.25     90.00      0.90     90.00      0.00      0.25         0        51         0         6
       710    953.67      1.23      0.50     94.82      3.16     28.00      0.00      0.49      0.53    105.00      0.90     90.00     -0.13      0.48         0        51         0         6
       720    953.76      1.39      0.34     92.74      3.73     32.00      0.00      0.11      0.11     90.00      0.60     90.00      0.00      0.11         0        51         0         6
       730    953.73      1.43      0.31     92.17      3.79     64.00      0.00      0.21      0.23     12.00      0.90      0.00      0.21      0.04         0        50         0         6
       740    953.79      1.83      0.38     90.08      3.94     97.00      0.00      0.22      0.27     26.00      0.90      0.00      0.20      0.10         0        41         0         6
       750    953.81      2.51     -0.12     82.72      3.96    125.00      0.00      0.35      0.42    339.00      1.49    340.00      0.33     -0.13         0        40         0         6
       760    953.89      2.43     -0.08     83.39      3.81    100.00      0.00      0.79      0.85    259.00      1.71    249.00     -0.15     -0.78         0        40         0         6
       770    953.95      2.52      0.00     83.43      3.80     76.00      0.00      1.32      1.36    246.00      2.45    258.00     -0.54     -1.20         0        31         0         6
       780    953.98      2.53      0.26     84.95      3.61     60.00      0.00      1.31      1.36    236.00      2.21    252.00     -0.74     -1.08         0        31         0         6
       790    953.93      2.62     -0.16     81.82      3.53     40.00      0.00      1.39      1.44    246.00      2.75    260.00     -0.56     -1.27         0        40         0         6
       800    953.97      2.73     -0.30     80.31      3.50     36.00      0.00      1.60      1.63    261.00      3.35    260.00     -0.24     -1.59         0        30         0         6
       810    954.15      2.65     -0.27     80.95      3.42     33.00      0.00      1.68      1.72    260.00      3.20    272.00     -0.29     -1.65         0        31         0         6
       820    954.17      2.73     -0.48     79.32      3.40     27.00      0.00      1.70      1.73    257.00      3.10    268.00     -0.38     -1.65         0        31         0         6
       830    954.30      2.58     -0.37     80.74      3.26     29.00      0.00      1.42      1.46    261.00      2.50    272.00     -0.22     -1.40         0        31         0         6
       840    954.31      2.56     -0.56     79.84      3.50     31.00      0.00      1.27      1.31    258.00      2.38    248.00     -0.27     -1.25         0        31         0         6
       850    954.35      2.64     -0.53     79.49      3.52     37.00      0.00      1.17      1.21    249.00      2.53    261.00     -0.43     -1.09         0        31         0         6
       860    954.44      2.60     -0.81     78.13      3.44     36.00      0.00      1.00      1.02    253.00      2.53    261.00     -0.29     -0.96         0        31         0         6
       870    954.54      2.51     -0.87     78.28      3.19     26.00      0.00      0.37      0.38    249.00      1.58    252.00     -0.13     -0.34         0        30         0         6
       880    954.53      2.48     -1.07     77.29      3.11     24.00      0.00      0.36      0.39    224.00      1.28    219.00     -0.26     -0.25         0        30         0         6
       890    954.57      2.52     -0.96     77.72      3.03     16.00      0.00      0.64      0.67    238.00      1.25    241.00     -0.34     -0.54         0        21         0         6
       900    954.62      2.23     -0.29     83.29      2.96     12.00      0.00      0.06      0.08    309.00      0.80      0.00      0.04     -0.05         0        31         0         6
       910    954.75      2.58     -1.24     75.81      2.88     10.00      0.00      0.26      0.30    306.00      1.17    329.00      0.15     -0.21         0        30         0         6
       920    954.67      2.64     -1.65     73.24      2.74      7.00      0.00      0.06      0.08    209.00      0.80    270.00     -0.05     -0.03         0        30         0         6
       930    954.69      2.04     -0.15     85.31      2.87      7.00      0.00      0.11      0.11    269.00      1.00    270.00      0.00     -0.11         0        31         0         6
       940    954.71      1.81     -0.02     87.54      2.46      5.00      0.00      0.65      0.68    162.00      1.17    160.00     -0.62      0.20         0        41         0         6
       950    954.64      1.61      0.24     90.55      2.31      1.00      0.00      0.64      0.68    107.00      1.04    107.00     -0.18      0.61         0        50         0         6
       960    954.75      1.45      0.38     92.61      2.25      0.00      0.00      0.34      0.34     90.00      0.60     90.00      0.00      0.34         0        41         0         6
       970    954.83      1.72     -0.19     87.07      1.71     -1.00      0.00      0.48      0.50    166.00      1.00    174.00     -0.46      0.12         0        50         0         6
       980    954.92      1.57     -0.29     87.36      1.39     -2.00      0.00      0.54      0.54    179.00      1.30    180.00     -0.54      0.01         0        41         0         6
       990    954.90      1.45      0.01     90.09      0.79     -2.00      0.00      0.06      0.09    248.00      0.70    180.00     -0.02     -0.06         0        41         0         6
      1000    954.96      1.76     -0.24     86.47     -0.08     -3.00      0.00      0.46      0.48    112.00      1.48    118.00     -0.17      0.42         0        40         0         6
      1010    954.93      2.29     -0.44     82.05     -0.68     -3.00      0.00      0.49      0.60    148.00      1.40    176.00     -0.41      0.26         0        30         0         6
      1020    954.93      2.29     -0.17     83.74     -0.97     -3.00      0.00      0.57      0.68    141.00      1.58    162.00     -0.45      0.36         0        31         0         6
      1030    954.93      2.36     -0.08     83.81     -1.07     -4.00      0.00      1.35      1.40    104.00      2.64    115.00     -0.33      1.31         0        41         0         6
      1040    954.93      2.16     -0.05     85.23     -1.08     -4.00      0.00      0.39      0.46    125.00      1.60     86.00     -0.22      0.32         0        40         0         6
      1050    954.87      2.23      0.20     86.43     -1.10     -4.00      0.00      0.33      0.43    134.00      1.53    122.00     -0.23      0.24         0        31         0         6
      1060    954.89      2.11      0.18     86.98     -1.11     -5.00      0.00      0.84      0.87    173.00      2.12    172.00     -0.84      0.10         0        41         0         6
      1070    954.91      1.77      0.20     89.31     -1.16     -5.00      0.20      0.59      0.63    170.00      2.55    169.00     -0.58      0.11         0        40         0         6
      1080    954.95      1.36      0.15     91.67     -1.18     -5.00      0.20      0.79      0.92    149.00      3.00    178.00     -0.68      0.40         0        41         0         6
      1090    954.98      1.06      0.17     93.81     -1.21     -4.00      0.30      1.34      1.39    174.00      3.51    175.00     -1.34      0.13         0        52         0         6
      1100    955.00      0.86      0.06     94.39     -1.27     -5.00      0.20      1.59      1.60    179.00      2.50    180.00     -1.59      0.03         0        52         0         6
      1110    955.01      0.77      0.03     94.76     -1.30     -5.00      0.20      1.35      1.39    190.00      2.63    189.00     -1.33     -0.23         0        53         0         6
      1120    955.04      0.66      0.04     95.62     -1.34     -4.00      0.20      1.25      1.35    163.00      3.20    166.00     -1.20      0.36         0        53         0         6
      1130    955.04      0.44      0.00     96.83     -1.37     -5.00      0.30      0.83      0.87    167.00      2.10    180.00     -0.80      0.19         0        62         0         6
      1140    955.07      0.54      0.04     96.45     -1.41     -4.00      0.20      0.99      1.01    181.00      2.80    180.00     -0.99     -0.01         0        52         0         6
      1150    954.94      0.61      0.11     96.44     -1.45     -4.00      0.20      1.12      1.19    191.00      2.75    199.00     -1.10     -0.22         0        53         0         6
      1160    954.83      0.39      0.12     98.04     -1.47     -4.00      0.20      0.89      0.97    189.00      2.24    170.00     -0.88     -0.14         0        62         0         6
      1170    954.75      0.52      0.03     96.53     -1.46     -4.00      0.20      1.06      1.17    174.00      3.79    168.00     -1.05      0.10         0        52         0         6
      1180    954.63      0.37      0.06     97.76     -1.48     -3.00      0.10      1.02      1.07    188.00      2.41    175.00     -1.01     -0.14         0        52         0         6
      1190    954.53      0.46      0.09     97.34     -1.50     -3.00      0.20      1.17      1.23    192.00      2.66    200.00     -1.14     -0.24         0        62         0         6
      1200    954.46      0.40     -0.03     96.86     -1.48     -3.00      0.10      0.84      0.94    191.00      3.21    175.00     -0.82     -0.15         0        52         0         6
      1210    954.35      0.44      0.12     97.73     -1.52     -3.00      0.10      0.91      0.95    192.00      2.18    164.00     -0.89     -0.19         0        52         0         6
      1220    954.32      0.35      0.03     97.75     -1.50     -3.00      0.10      1.16      1.27    189.00      2.82    174.00     -1.15     -0.18         0        53         0         6
      1230    954.17      0.43      0.14     97.92     -1.47     -3.00      0.00      1.12      1.19    190.00      3.40    182.00     -1.10     -0.20         0        62         0         6
      1240    954.07      0.48      0.08     97.16     -1.50     -3.00      0.10      1.20      1.32    184.00      2.72    174.00     -1.19     -0.07         0        52         0         6
      1250    953.96      0.53      0.17     97.42     -1.47     -3.00      0.10      1.22      1.26    181.00      3.01    165.00     -1.22     -0.03         0        53         0         6
      1260    953.81      0.30      0.19     99.26     -1.44     -3.00      0.00      1.00      1.12    182.00      3.00    180.00     -1.00     -0.04         0        62         0         6
      1270    953.61      0.47      0.11     97.36     -1.43     -3.00      0.10      0.94      1.03    189.00      2.53    171.00     -0.93     -0.14         0        52         0         6
      1280    953.45      0.52      0.19     97.64     -1.44     -3.00      0.10      0.86      0.96    185.00      2.14    169.00     -0.85     -0.08         0        52         0         6
      1290    953.35      0.41      0.15     98.15     -1.42     -3.00      0.10      0.92      1.01    171.00      2.51    185.00     -0.91      0.14         0        62         0         6
      1300    953.25      0.48      0.03     96.81     -1.42     -3.00      0.20      0.84      0.88    191.00      2.04    191.00     -0.83     -0.16         0        52         0         6
      1310    953.15      0.46      0.07     97.27     -1.40     -3.00      0.10      0.98      1.04    188.00      2.38    195.00     -0.97     -0.13         0        52         0         6
      1320    953.00      0.38      0.07     97.82     -1.43     -4.00      0.10      1.13      1.20    195.00      3.06    191.00     -1.10     -0.29         0        63         0         6
      1330    952.87      0.44      0.00     96.78     -1.42     -4.00      0.20      1.18      1.22    194.00      2.89    194.00     -1.15     -0.29         0        53         0         6
      1340    952.70      0.40      0.02     97.27     -1.41     -3.00      0.10      0.95      1.01    197.00      2.28    203.00     -0.91     -0.27         0        63         0         6
      1350    952.40      0.48      0.06     97.06     -1.43     -3.00      0.20      1.06      1.13    187.00      2.75    199.00     -1.05     -0.14         0        62         0         6
      1360    952.21      0.39     -0.02     96.99     -1.39     -4.00      0.10      1.22      1.31    190.00      2.62    173.00     -1.20     -0.20         0        52         0         6
      1370    952.13      0.51      0.09     97.01     -1.37     -4.00      0.20      1.60      1.72    185.00      3.53    205.00     -1.59     -0.15         0        53         0         6
      1380    952.05      0.56      0.23     97.62     -1.38     -4.00      0.10      1.59      1.67    184.00      3.14    143.00     -1.58     -0.10         0        62         0         6
      1390    951.83      0.55      0.11     96.91     -1.37     -3.00      0.20      1.65      1.68    184.00      2.92    174.00     -1.64     -0.13         0        53         0         6
      1400    951.57      0.61      0.24     97.36     -1.35     -3.00      0.30      1.65      1.78    176.00      3.79    192.00     -1.65      0.13         0        53         0         6
      1410    951.41      0.84      0.35     96.54     -1.32     -3.00      0.30      1.57      1.72    174.00      4.28    169.00     -1.56      0.17         0        52         0         6
      1420    951.22      0.80      0.29     96.40     -1.32     -3.00      0.20      1.95      2.09    174.00      4.34    154.00     -1.94      0.19         0        53         0         6
      1430    951.07      0.94      0.43     96.42     -1.32     -2.00      0.20      1.69      1.79    172.00      3.67    163.00     -1.67      0.24         0        52         0         6
